connections=[
		],
events={
	{
		exits:[ (25.41), (25.41), (25.41), (25.41), (25.41), (25.41), (25.41), (25.41), (25.41), (25.41), (25.41), (25.41),		]},
	{
		NPCs:[
			{is_trainer:1,b1:10,b2:0,sprite:25},
			{is_trainer:1,b1:9,b2:0,sprite:48},
			{is_trainer:1,b1:10,b2:0,sprite:48},
			{is_trainer:1,b1:8,b2:0,sprite:65},
			{is_trainer:1,b1:8,b2:0,sprite:26},
			{is_trainer:1,b1:8,b2:0,sprite:15},
			{is_trainer:1,b1:9,b2:0,sprite:20},
			{is_trainer:0,b1:7,b2:0,sprite:39},
		]},
	{
		signs:[
			{x:15,y:11},
			{x:15,y:12},
		]},
	{
		triggers:[
		]},

},
[
	[1, 1, 1, 1, 1, 1, 1, 1, 1, 1, 1, 1, 1, 1, 1, 1, 1, 1, 1, 1, 1, 1, 1, 1, 1, 1, 1, 1, 1, 1, 1, 1, 1, 1, 1, 1, ],
	[1, 1, 1, 1, 1, 1, 1, 1, 1, 1, 1, 1, 1, 1, 1, 1, 1, 1, 1, 1, 1, 1, 1, 1, 1, 1, 1, 1, 1, 1, 1, 1, 1, 1, 1, 1, ],
	[1, 1, 1, 12, 12, 12, 1, 1, 1, 1, 1, 1, 12, 12, 12, 1, 1, 1, 1, 1, 1, 12, 12, 12, 12, 12, 1, 1, 1, 1, 12, 12, 12, 1, 1, 1, ],
	[1, 1, 1, 12, 12, 12, 1, 1, 1, 1, 1, 1, 12, 12, 12, 1, 1, 1, 1, 1, 1, 12, 12, 12, 12, 12, 1, 1, 1, 1, 12, 12, 12, 1, 1, 1, ],
	[1, 0, 12, 12, 12, 12, 12, 12, 1, 1, 0, 12, 12, 12, 12, 12, 12, 1, 1, 12, 12, 12, 12, 12, 12, 12, 1, 1, 13, 12, 12, 12, 12, 12, 12, 1, ],
	[1, 12, 12, 12, 12, 12, 12, 12, 1, 1, 13, 12, 12, 1, 1, 12, 12, 1, 1, 12, 12, 12, 1, 1, 12, 12, 1, 1, 12, 12, 12, 12, 12, 12, 12, 1, ],
	[1, 12, 12, 12, 12, 1, 1, 12, 1, 1, 12, 12, 12, 1, 1, 12, 12, 1, 1, 12, 12, 12, 1, 1, 12, 12, 1, 1, 12, 12, 12, 12, 12, 1, 1, 1, ],
	[1, 12, 12, 12, 12, 1, 1, 1, 1, 1, 12, 12, 12, 12, 12, 12, 12, 1, 1, 12, 12, 12, 12, 1, 12, 12, 1, 1, 12, 12, 12, 12, 12, 1, 1, 1, ],
	[1, 1, 1, 1, 1, 1, 1, 1, 1, 1, 1, 1, 1, 1, 1, 1, 1, 1, 1, 1, 1, 1, 1, 1, 1, 1, 1, 1, 1, 1, 1, 1, 1, 1, 1, 1, ],
	[1, 1, 1, 1, 1, 1, 1, 1, 1, 1, 1, 1, 1, 1, 1, 1, 1, 1, 1, 1, 1, 1, 1, 1, 1, 1, 1, 1, 1, 1, 1, 1, 1, 1, 1, 1, ],
	[1, 1, 1, 1, 1, 1, 1, 1, 1, 1, 1, 1, 1, 1, 1, 1, 1, 1, 1, 1, 1, 1, 1, 1, 1, 1, 1, 1, 1, 1, 1, 1, 1, 1, 1, 1, ],
	[1, 1, 1, 12, 12, 12, 1, 1, 1, 1, 12, 12, 12, 12, 12, 1, 1, 1, 1, 13, 13, 12, 12, 12, 1, 1, 1, 1, 1, 1, 12, 12, 12, 12, 12, 1, ],
	[1, 1, 1, 12, 12, 12, 1, 1, 1, 1, 12, 1, 1, 12, 12, 1, 1, 1, 1, 1, 1, 12, 12, 12, 1, 1, 1, 1, 1, 1, 12, 1, 1, 1, 1, 1, ],
	[1, 0, 12, 12, 12, 12, 12, 12, 1, 1, 12, 1, 1, 12, 12, 12, 13, 1, 1, 12, 12, 12, 12, 12, 12, 12, 1, 1, 1, 12, 12, 1, 1, 1, 1, 1, ],
	[1, 12, 12, 12, 12, 12, 12, 12, 1, 1, 12, 12, 12, 12, 12, 12, 12, 1, 1, 12, 12, 12, 12, 12, 12, 12, 1, 1, 12, 12, 12, 12, 12, 12, 12, 1, ],
	[1, 12, 12, 12, 12, 12, 12, 12, 1, 1, 12, 12, 12, 12, 12, 12, 12, 1, 1, 12, 12, 12, 12, 12, 12, 12, 1, 1, 12, 12, 12, 12, 12, 12, 12, 1, ],
	[1, 12, 12, 12, 0, 0, 12, 12, 1, 1, 12, 12, 12, 0, 0, 12, 12, 1, 1, 12, 12, 12, 0, 0, 12, 12, 1, 1, 12, 12, 12, 0, 0, 12, 12, 1, ],
	[1, 1, 1, 1, 1, 1, 1, 1, 1, 1, 1, 1, 1, 1, 1, 1, 1, 1, 1, 1, 1, 1, 1, 1, 1, 1, 1, 1, 1, 1, 1, 1, 1, 1, 1, 1, ],
]
