connections=[
		],
events={
	{
		exits:[ABANDONED SHIP (24.59),ABANDONED SHIP (24.59),ABANDONED SHIP (24.58),ABANDONED SHIP (24.58),ABANDONED SHIP (24.58),ABANDONED SHIP (24.61),ABANDONED SHIP (24.55),ABANDONED SHIP (24.55),		]},
	{
		NPCs:[
			{is_trainer:0,b1:2,b2:0,sprite:54},
			{is_trainer:1,b1:14,b2:0,sprite:49},
		]},
	{
		signs:[
			{x:11,y:4},
		]},
	{
		triggers:[
		]},

},
[
	[1, 1, 1, 1, 1, 1, 1, 1, 1, 1, 1, 1, 1, ],
	[1, 1, 1, 1, 1, 1, 1, 1, 1, 1, 1, 1, 1, ],
	[12, 1, 1, 1, 1, 1, 1, 1, 12, 1, 1, 1, 1, ],
	[12, 12, 1, 1, 1, 1, 0, 1, 12, 12, 1, 1, 1, ],
	[12, 12, 1, 13, 1, 1, 12, 1, 12, 12, 1, 13, 1, ],
	[12, 12, 12, 12, 12, 12, 12, 12, 12, 12, 12, 12, 12, ],
	[12, 12, 12, 12, 12, 12, 12, 12, 12, 12, 12, 12, 13, ],
	[12, 12, 12, 12, 12, 12, 12, 12, 12, 12, 12, 12, 12, ],
	[13, 12, 12, 12, 1, 1, 1, 1, 1, 1, 1, 1, 1, ],
	[12, 12, 12, 12, 1, 1, 1, 1, 1, 1, 1, 1, 1, ],
]
