connections=[
		],
events={
	
		'exits':[{'name':'ABANDONED SHIP (24.57)','x':4,'y':7},{'name':'ABANDONED SHIP (24.57)','x':5,'y':7},		],
	
		'NPCs':[
			{'is_trainer':0,'b1':1,'b2':0,'sprite':'59','x':4,'y':4},
		],
	
		'signs':[
		],
	
		'triggers':[
		],

},
partial_map=[
	[1, 1, 1, 1, 1, 1, 1, 1, 1, ],
	[1, 1, 1, 1, 1, 1, 1, 1, 1, ],
	[1, 12, 12, 12, 12, 12, 12, 12, 1, ],
	[1, 12, 12, 12, 12, 12, 12, 12, 1, ],
	[1, 12, 12, 12, 12, 12, 12, 12, 1, ],
	[1, 12, 12, 12, 12, 12, 12, 12, 1, ],
	[1, 12, 12, 12, 12, 12, 12, 12, 1, ],
	[1, 12, 12, 12, 12, 12, 12, 1, 1, ],
]
