Connections;
Exits;ROUTE 120 (0.35);ANCIENT TOMB (24.68);ANCIENT TOMB (24.68);
0 1 1 1 1 1 1 1 1 1 1 1 1 1 1 1 0 
0 1 1 1 1 1 1 1 1 1 1 1 1 1 1 1 0 
1 1 1 1 1 1 1 1 1 1 1 1 1 1 1 1 1 
1 1 1 1 12 12 12 12 12 12 12 12 12 1 1 1 1 
1 1 1 1 12 12 13 12 12 12 13 12 12 1 1 1 1 
1 1 1 12 12 12 12 12 12 12 12 12 12 12 1 1 1 
1 1 1 12 12 12 12 12 12 12 12 12 12 12 1 1 1 
1 1 1 12 13 12 12 12 12 12 12 12 13 12 1 1 1 
1 1 1 12 12 12 12 12 12 12 12 12 12 12 1 1 1 
1 1 1 12 12 12 12 12 12 12 12 12 12 12 1 1 1 
1 1 1 1 12 12 13 12 12 12 13 12 12 1 1 1 1 
1 1 1 1 12 12 12 12 12 12 12 12 12 1 1 1 1 
1 1 1 1 1 1 1 1 1 1 1 1 1 1 1 1 1 
0 1 1 0 0 0 0 0 0 0 0 0 0 0 1 1 0 
0 1 0 0 0 0 0 0 0 0 0 0 0 0 0 1 0 
0 0 0 0 0 0 0 0 0 0 0 0 0 0 0 0 0 
0 0 0 0 0 0 0 0 0 0 0 0 0 0 0 0 0 
0 0 0 0 0 0 0 0 0 0 0 0 0 0 0 0 0 
0 1 1 1 1 1 1 1 1 1 1 1 1 1 1 1 0 
0 1 1 1 1 1 1 1 1 1 1 1 1 1 1 1 0 
1 1 1 1 1 1 1 1 0 1 1 1 1 1 1 1 1 
1 1 1 1 12 12 12 12 12 12 12 12 12 1 1 1 1 
1 1 1 1 12 12 12 12 12 12 12 12 12 1 1 1 1 
1 1 1 12 12 12 12 12 12 12 12 12 12 12 1 1 1 
1 1 1 12 12 12 12 12 12 12 12 12 12 12 1 1 1 
1 1 1 12 12 12 12 12 12 12 12 12 12 12 1 1 1 
1 1 1 12 12 12 12 12 12 12 12 12 12 12 1 1 1 
1 1 1 12 12 12 12 12 12 12 12 12 12 12 1 1 1 
1 1 1 1 12 12 12 12 12 12 12 12 12 1 1 1 1 
1 1 1 1 12 12 12 12 12 12 12 12 12 1 1 1 1 
1 1 1 1 1 1 1 1 1 1 1 1 1 1 1 1 1 
0 1 1 0 0 0 0 0 0 0 0 0 0 0 1 1 0 
0 1 0 0 0 0 0 0 0 0 0 0 0 0 0 1 0 
