connections=[
		],
events={
	
		'exits':[{'name':'BATTLE FRONTIER (26.4)','x':9,'y':11},{'name':'BATTLE FRONTIER (26.4)','x':10,'y':11},		],
	
		'NPCs':[
			{'is_trainer':0,'b1':8,'b2':0,'sprite':'46','x':4,'y':7},
			{'is_trainer':0,'b1':2,'b2':0,'sprite':'16','x':3,'y':11},
			{'is_trainer':0,'b1':8,'b2':0,'sprite':'31','x':14,'y':11},
			{'is_trainer':0,'b1':10,'b2':0,'sprite':'32','x':13,'y':11},
			{'is_trainer':0,'b1':1,'b2':0,'sprite':'17','x':6,'y':10},
			{'is_trainer':0,'b1':8,'b2':0,'sprite':'46','x':14,'y':7},
		],
	
		'signs':[
			{'x':2,'y':7},
			{'x':11,'y':7},
			{'x':9,'y':4},
		],
	
		'triggers':[
		],

},
partial_map=[
	[1, 1, 1, 1, 1, 1, 1, 1, 1, 1, 1, 1, 1, 1, 1, 1, 1, 1, 1, ],
	[1, 1, 1, 1, 1, 1, 1, 1, 1, 1, 1, 1, 1, 1, 1, 1, 1, 1, 1, ],
	[1, 1, 1, 1, 1, 1, 1, 0, 0, 0, 0, 0, 1, 1, 1, 1, 1, 1, 1, ],
	[1, 1, 1, 1, 1, 1, 1, 0, 0, 0, 0, 0, 1, 1, 1, 1, 1, 1, 1, ],
	[1, 1, 1, 1, 0, 1, 1, 1, 1, 1, 1, 1, 1, 1, 0, 1, 1, 1, 1, ],
	[1, 1, 1, 0, 0, 0, 0, 1, 12, 12, 12, 1, 0, 0, 0, 0, 1, 1, 1, ],
	[12, 12, 1, 1, 0, 0, 1, 1, 12, 12, 12, 1, 1, 0, 0, 0, 1, 12, 12, ],
	[12, 12, 1, 1, 0, 1, 1, 1, 1, 0, 1, 1, 1, 1, 0, 1, 1, 12, 12, ],
	[12, 12, 12, 0, 0, 0, 12, 12, 12, 12, 12, 12, 12, 0, 0, 0, 12, 12, 12, ],
	[12, 12, 12, 12, 12, 12, 12, 12, 12, 12, 12, 12, 12, 12, 12, 12, 12, 12, 0, ],
	[12, 12, 12, 12, 12, 12, 12, 12, 12, 12, 12, 12, 12, 0, 12, 12, 12, 12, 0, ],
	[12, 12, 12, 12, 12, 12, 12, 12, 12, 0, 0, 0, 0, 0, 0, 1, 0, 1, 0, ],
]
