connections=[
		],
events={
	
		'exits':[{'name':'BATTLE FRONTIER (26.14)','x':4,'y':9},		],
	
		'NPCs':[
			{'is_trainer':0,'b1':10,'b2':0,'sprite':'45','x':2,'y':4},
		],
	
		'signs':[
		],
	
		'triggers':[
		],

},
partial_map=[
	[1, 1, 1, 1, 1, 1, 1, 1, 1, ],
	[1, 1, 1, 1, 1, 1, 1, 1, 1, ],
	[1, 1, 1, 1, 1, 1, 1, 1, 1, ],
	[0, 0, 0, 0, 0, 0, 0, 0, 0, ],
	[0, 0, 0, 0, 0, 0, 0, 0, 0, ],
	[0, 0, 0, 0, 0, 0, 0, 0, 0, ],
	[0, 0, 0, 0, 0, 0, 0, 0, 0, ],
	[0, 0, 0, 0, 0, 0, 0, 0, 0, ],
	[0, 0, 0, 0, 0, 0, 0, 0, 0, ],
	[1, 0, 0, 0, 0, 0, 0, 0, 1, ],
]
