Connections;right:BATTLE FRONTIER (26.14);
Exits;BATTLE FRONTIER (26.34);BATTLE FRONTIER (26.18);BATTLE FRONTIER (26.31);BATTLE FRONTIER (26.43);BATTLE FRONTIER (26.55);BATTLE FRONTIER (26.46);BATTLE FRONTIER (26.45);BATTLE FRONTIER (26.49);BATTLE FRONTIER (26.50);BATTLE FRONTIER (26.50);ARTISAN CAVE (24.99);
1 0 1 1 0 1 1 1 1 1 1 1 1 1 1 1 1 1 1 1 1 1 1 1 1 0 0 0 0 0 0 0 0 0 0 0 0 0 0 0 0 1 1 0 0 0 1 1 0 0 0 0 0 1 1 0 
1 1 1 1 0 1 1 1 0 0 0 1 0 0 0 0 0 0 0 0 0 0 0 0 0 0 0 0 0 0 0 0 0 0 0 0 0 0 0 0 0 1 1 0 0 0 1 1 0 0 0 0 0 1 1 0 
1 1 1 0 1 1 1 1 0 0 0 1 0 0 0 0 0 0 0 0 0 0 0 0 0 0 0 0 0 0 0 0 0 0 0 0 0 0 0 0 0 0 0 0 0 0 0 0 0 0 0 0 0 0 0 0 
1 0 1 1 1 1 1 1 1 1 1 1 1 1 1 1 1 1 1 1 1 1 1 1 1 1 1 1 1 1 1 1 1 1 1 1 1 1 1 1 1 13 13 1 1 1 0 13 13 13 13 13 13 13 13 13 
1 1 1 1 1 1 0 0 0 0 0 0 0 0 0 0 0 0 0 0 0 0 0 0 0 0 0 0 0 0 0 0 0 0 0 0 0 0 0 0 1 13 13 1 1 1 1 13 13 13 13 13 13 13 13 13 
1 1 1 1 1 1 1 1 0 0 0 0 0 0 0 0 0 0 0 0 0 0 0 0 0 0 0 0 0 0 0 0 0 0 0 0 0 0 0 0 1 1 1 1 1 1 1 0 0 0 0 0 0 0 0 0 
1 1 1 1 1 1 1 0 0 0 0 0 0 0 0 0 0 1 1 1 1 1 0 0 0 0 0 0 0 0 0 0 0 0 0 0 0 0 0 0 1 12 12 12 12 0 0 0 0 0 0 0 0 0 0 0 
4 1 1 1 1 1 1 0 0 0 0 0 0 0 0 0 1 1 1 1 1 1 1 0 0 0 0 0 0 0 0 0 0 0 0 12 12 12 12 12 12 12 12 0 0 0 0 0 0 0 0 0 0 0 0 0 
4 1 1 1 1 1 1 1 0 0 0 0 0 0 0 1 1 1 1 1 1 1 1 1 0 0 0 0 0 0 0 0 0 0 0 12 12 12 12 12 12 12 12 0 0 0 0 0 0 0 0 0 0 0 0 0 
4 1 1 1 1 1 1 0 0 0 0 0 0 1 1 1 1 1 1 1 1 1 1 1 1 1 0 0 0 0 0 0 1 1 1 1 1 1 1 1 1 1 1 1 1 1 1 1 1 1 1 1 1 1 1 1 
4 1 1 1 1 1 1 0 0 0 0 0 0 1 1 1 1 1 1 1 1 1 1 1 1 1 0 0 0 0 0 1 1 1 1 1 1 1 1 1 1 1 1 1 1 1 1 1 1 1 1 1 1 1 1 1 
4 1 1 1 1 1 1 1 0 0 0 0 0 1 1 1 1 1 1 1 1 1 1 1 1 1 0 0 0 0 0 1 1 1 1 1 1 1 1 1 1 1 1 1 1 1 1 1 1 1 1 1 1 1 1 1 
4 1 1 1 1 1 1 0 0 0 0 0 0 1 1 1 1 1 1 1 1 1 1 1 1 1 0 0 0 0 1 1 1 1 1 1 1 1 1 1 1 1 1 1 1 1 1 1 1 1 1 1 1 1 1 1 
4 1 1 1 1 1 1 0 0 0 0 0 0 1 1 1 1 1 1 1 1 1 1 1 1 1 0 0 0 1 1 1 1 1 1 1 1 1 1 1 1 1 1 1 1 1 1 1 1 1 1 1 1 1 1 1 
4 1 1 1 1 1 1 1 0 0 0 0 0 1 1 1 1 1 1 1 1 1 1 1 1 1 0 0 0 1 1 1 1 1 1 1 1 1 1 1 1 1 1 1 1 1 1 1 1 1 1 1 1 1 1 1 
4 1 1 1 1 1 1 1 1 0 0 0 0 1 1 1 1 1 1 1 1 1 1 1 1 1 0 0 0 1 1 1 1 1 1 1 0 1 1 1 1 1 1 1 1 1 1 1 1 1 1 1 1 1 1 1 
4 1 1 1 1 1 1 1 1 1 0 0 0 1 1 1 1 1 1 1 1 1 1 1 1 1 0 0 0 1 1 1 1 1 1 0 4 1 1 1 1 1 1 1 1 1 5 4 0 1 1 1 1 1 1 1 
4 1 1 1 0 0 0 1 1 1 0 0 0 1 0 0 0 0 1 1 1 0 0 0 0 1 0 0 0 1 1 1 1 1 0 4 1 1 12 12 0 0 0 0 0 12 1 5 4 0 1 1 1 0 1 1 
4 1 1 1 1 1 1 1 1 1 0 0 0 0 0 1 0 0 0 0 0 0 0 0 0 0 0 0 0 1 1 1 1 1 4 4 1 12 1 1 12 0 0 0 0 0 12 5 4 4 1 1 1 1 1 1 
4 1 1 1 1 1 1 1 1 1 0 0 0 0 0 0 0 0 0 0 0 0 0 0 0 0 0 0 0 1 1 1 1 1 4 4 1 1 1 1 1 0 0 0 0 0 1 5 4 4 1 1 1 1 1 1 
4 1 1 0 1 1 1 1 1 1 0 0 0 0 0 0 0 0 0 0 0 0 0 0 0 0 0 0 0 1 1 1 1 1 4 4 1 1 1 0 0 0 0 0 0 0 1 5 4 4 1 1 1 1 1 1 
4 1 1 0 0 0 0 1 1 1 0 0 0 0 0 0 0 0 0 0 0 0 0 0 0 0 0 0 0 1 1 1 1 1 4 4 1 1 0 0 0 1 1 1 0 0 1 5 4 4 1 1 1 1 1 1 
4 1 1 0 0 0 0 1 1 1 1 1 1 1 1 1 1 0 0 0 0 0 0 0 0 0 0 1 1 1 1 1 1 1 4 4 1 1 0 0 1 1 1 1 1 0 1 5 4 4 1 1 1 1 1 1 
4 1 1 0 0 0 0 1 1 1 1 1 1 1 1 1 1 12 12 12 12 12 12 12 12 12 12 1 1 1 1 1 1 1 4 4 1 0 0 0 1 1 1 1 1 0 1 5 4 4 1 1 1 1 1 1 
4 1 1 0 0 0 0 1 1 1 1 1 1 1 1 1 1 12 12 12 12 12 12 12 12 12 12 1 1 1 1 1 1 1 4 4 1 12 0 0 1 1 1 1 1 0 1 5 4 4 1 1 1 1 1 1 
4 1 1 0 0 0 0 0 0 0 0 0 0 0 0 0 0 0 0 0 0 0 0 0 0 0 0 0 0 0 0 0 1 1 4 4 1 12 0 0 1 1 1 1 1 0 1 5 4 4 1 1 1 1 1 1 
4 1 1 0 0 0 0 0 0 0 0 0 0 0 0 0 0 0 0 0 0 0 0 0 0 0 0 0 0 0 0 0 1 1 4 4 1 12 0 0 1 1 1 1 1 0 1 5 4 4 1 1 1 1 1 1 
4 1 1 0 0 0 1 1 1 1 1 1 1 1 1 1 1 0 0 0 0 0 0 0 0 0 0 0 0 0 0 0 1 1 4 4 1 1 0 0 0 1 0 1 0 0 1 5 4 4 1 1 1 1 1 1 
4 1 1 1 1 1 1 1 1 1 1 1 1 1 1 1 1 1 1 1 1 0 0 0 0 0 0 0 0 1 1 0 1 1 4 4 1 1 12 0 0 1 0 1 0 0 1 5 4 4 1 1 1 1 1 1 
4 1 1 1 1 1 1 1 0 0 0 0 0 0 0 1 1 1 1 1 1 1 1 1 0 0 0 0 0 1 1 0 0 1 4 4 1 1 1 0 0 0 0 0 0 0 1 5 4 4 1 1 1 1 1 1 
4 0 0 0 0 0 0 0 4 1 1 1 1 1 4 0 0 0 0 1 1 1 1 1 0 0 0 0 0 1 1 0 0 1 4 0 0 1 1 0 0 0 0 0 0 1 1 5 4 4 4 4 4 4 4 4 
1 1 1 1 1 1 1 1 1 1 1 1 1 1 1 1 1 1 4 0 0 1 1 1 0 0 0 0 0 1 1 0 0 1 4 4 4 1 1 12 0 0 0 0 0 0 1 5 4 4 4 4 4 4 4 4 
1 1 1 1 1 1 1 1 1 1 1 1 1 1 1 1 1 1 1 4 4 1 1 1 0 0 0 0 0 1 1 1 1 1 4 4 4 1 1 1 0 0 0 1 1 1 1 5 4 4 4 4 4 4 4 4 
1 1 1 1 1 1 1 1 1 1 1 1 1 1 1 1 1 1 1 5 4 0 0 1 0 0 0 0 0 1 0 0 0 0 4 4 4 1 1 1 0 0 0 1 1 5 0 4 4 4 4 1 1 4 4 4 
1 1 1 1 1 1 1 1 1 1 1 1 1 1 1 1 1 1 1 5 5 1 1 1 0 0 0 0 0 1 0 4 4 1 1 4 4 1 1 1 0 0 0 1 0 4 4 4 4 4 4 1 1 4 4 4 
1 1 1 1 1 1 1 1 1 1 1 1 1 1 1 1 1 1 1 5 5 5 1 1 0 0 0 0 0 1 0 4 4 1 1 1 0 4 0 1 1 1 0 1 0 4 4 4 4 1 1 4 4 4 4 4 
4 1 1 1 1 1 1 1 1 1 1 1 1 1 1 1 1 1 1 5 5 5 4 1 0 0 0 0 0 1 0 1 1 4 4 4 4 4 4 1 1 1 0 1 0 4 4 4 4 1 1 4 4 4 4 4 
4 1 1 1 0 1 1 1 1 1 1 1 1 1 1 1 1 1 1 5 5 5 4 1 0 0 0 0 0 1 0 1 1 4 4 4 4 4 0 4 4 1 0 1 0 4 4 4 4 4 4 4 4 4 4 4 
4 1 1 1 1 0 0 0 0 0 1 1 1 0 0 0 0 0 1 5 5 5 4 1 0 0 0 0 0 1 0 1 1 4 4 4 4 4 4 4 4 1 0 1 0 4 4 4 4 4 4 4 4 4 4 4 
4 1 1 1 1 1 0 0 0 0 0 0 0 0 0 0 0 1 1 5 5 5 4 1 0 0 0 0 0 0 1 1 1 1 1 1 1 1 1 1 1 0 0 0 1 1 1 1 1 1 1 1 1 1 1 1 
4 1 1 1 1 1 1 1 1 0 0 0 0 0 1 1 1 1 1 1 5 5 4 1 0 0 0 0 0 0 0 0 0 0 0 0 0 0 0 0 0 0 0 0 0 0 0 0 0 0 0 0 0 0 0 0 
4 1 1 1 1 1 1 1 1 0 0 0 0 0 1 1 1 5 1 1 1 5 4 1 0 0 0 0 0 0 0 0 0 0 0 0 0 0 0 0 0 0 0 0 0 0 0 0 0 0 0 0 0 0 0 0 
4 1 1 1 1 1 1 1 1 0 0 0 0 0 1 1 1 5 5 1 1 1 4 1 0 0 0 0 0 0 0 0 0 0 0 0 0 0 0 0 0 0 0 0 1 1 1 1 1 1 0 0 1 1 1 0 
4 4 0 1 1 1 1 1 1 0 0 0 0 0 1 1 1 1 1 1 1 1 1 0 0 0 0 0 0 0 0 0 0 0 0 0 0 0 0 0 0 0 0 1 1 1 1 1 1 1 1 1 1 1 1 0 
1 1 4 1 1 1 1 0 0 0 0 0 0 0 0 0 0 0 0 0 0 0 0 0 0 0 0 0 0 0 0 0 0 0 0 0 0 0 0 0 0 0 0 1 1 1 1 1 1 1 1 1 1 1 1 0 
1 1 4 1 1 1 1 0 0 0 0 0 0 0 0 0 0 1 1 1 1 1 0 12 12 12 12 12 12 12 0 1 1 1 1 1 1 1 1 1 1 0 0 0 0 0 0 0 0 0 0 0 0 0 0 0 
1 1 4 1 1 1 1 12 0 0 0 0 0 0 0 0 0 1 1 1 1 1 0 12 12 12 12 12 12 12 0 1 1 1 1 1 1 1 1 1 1 0 0 0 0 0 0 0 0 0 0 0 0 0 0 0 
1 1 4 1 1 1 1 12 0 0 0 0 0 0 0 0 0 1 1 1 1 1 0 12 12 12 12 12 12 12 0 1 1 1 1 1 1 1 1 1 1 0 0 0 0 0 0 0 0 0 0 0 0 0 0 0 
1 1 4 1 1 1 1 12 0 0 0 0 0 0 0 0 0 0 0 0 0 0 0 12 12 12 12 12 12 12 0 0 0 0 0 0 0 0 0 0 0 0 0 0 0 0 0 0 0 0 0 0 0 0 0 0 
1 1 4 1 1 1 1 12 0 0 0 0 0 0 0 0 0 0 0 0 0 0 0 12 12 12 12 12 12 12 0 0 0 0 0 0 0 0 0 0 0 0 0 0 0 0 0 0 0 0 1 1 1 1 0 0 
1 1 4 1 1 1 1 12 12 12 12 12 12 12 12 12 12 12 12 12 12 12 12 12 1 12 12 12 1 12 12 12 12 12 12 12 12 12 12 12 12 12 12 12 12 12 0 12 0 1 1 1 1 1 1 0 
1 1 4 1 1 1 1 1 1 1 1 1 1 1 1 1 1 1 1 1 1 1 1 12 12 12 12 12 12 12 1 1 1 1 1 1 1 1 1 1 1 1 1 1 1 12 12 0 0 1 1 1 1 1 1 0 
1 1 4 1 1 1 1 1 1 1 1 1 1 1 0 0 0 0 0 0 0 0 0 1 12 12 12 12 12 1 0 0 0 0 0 0 0 0 0 0 0 0 0 0 0 1 12 12 0 0 0 0 0 0 0 0 
1 1 4 1 1 1 1 1 1 1 1 1 1 1 1 1 1 1 1 1 1 1 1 1 12 12 12 12 12 1 1 1 1 1 1 1 1 1 1 1 1 1 1 1 1 1 12 12 0 0 0 0 0 0 0 0 
1 1 4 1 1 1 1 1 1 1 1 1 1 1 1 0 0 0 0 0 0 0 1 1 12 12 12 12 12 1 1 0 0 0 0 1 1 1 1 1 1 1 1 1 1 1 12 12 12 12 12 12 12 12 12 12 
1 1 4 4 4 4 4 4 4 4 0 1 0 0 1 1 1 1 1 1 1 1 1 1 1 12 12 12 1 1 1 1 1 1 1 1 1 1 1 0 1 1 1 1 1 1 1 1 1 1 1 1 1 1 1 1 
1 1 1 1 1 1 1 1 1 1 4 1 1 1 0 0 0 0 0 0 0 0 0 1 12 12 12 12 12 1 0 0 0 0 0 0 1 12 12 12 12 12 5 1 1 1 1 1 1 1 1 1 1 1 1 1 
1 1 1 1 1 1 1 1 1 1 4 4 0 1 1 1 1 1 1 1 1 1 1 1 12 12 12 12 12 1 1 1 1 1 1 1 1 12 12 12 12 12 5 1 1 1 1 1 1 1 1 1 1 1 1 1 
1 1 1 1 1 1 1 1 1 1 1 1 4 1 1 1 1 1 1 1 1 1 1 1 12 12 12 12 12 1 1 1 1 1 1 1 1 12 12 12 12 12 1 1 1 1 1 1 1 1 1 1 1 1 1 1 
1 1 1 1 1 1 1 1 1 1 1 1 4 1 1 1 1 1 1 1 1 1 1 1 12 12 12 12 12 1 1 1 1 1 1 1 1 4 4 4 4 4 4 4 4 4 4 4 4 4 4 4 4 4 4 4 
1 1 1 1 1 1 1 1 1 1 1 1 4 4 4 4 4 4 4 4 4 4 4 1 1 12 12 12 1 1 0 4 4 4 1 1 4 4 4 4 4 4 4 4 4 4 4 4 4 4 4 4 4 4 4 4 
1 1 1 1 1 1 1 1 1 1 1 1 1 1 1 1 1 1 1 1 1 1 4 1 0 0 0 0 0 1 0 4 4 4 1 1 4 4 1 1 4 4 4 4 4 4 4 4 4 4 4 4 4 4 4 4 
1 1 1 1 1 1 1 1 1 1 1 1 1 1 1 1 1 1 1 1 1 1 1 1 1 1 1 1 1 1 1 0 1 1 4 4 1 1 1 1 4 4 4 4 4 4 4 4 4 4 4 4 4 4 4 4 
1 1 1 1 1 1 1 1 1 1 1 0 0 1 0 0 1 0 0 1 0 0 1 1 1 1 1 1 1 1 1 0 1 1 0 0 1 1 4 4 1 1 4 4 1 1 4 4 4 4 4 4 4 4 4 4 
1 1 1 1 1 1 1 1 1 1 1 0 0 1 0 0 1 0 0 1 0 0 1 1 1 1 1 1 1 1 1 0 4 4 0 0 0 4 4 4 1 1 4 4 1 1 4 4 4 4 4 4 4 4 4 4 
1 1 1 1 1 1 1 1 1 1 1 1 1 1 1 1 1 1 1 1 1 1 0 1 1 1 0 1 1 1 1 0 4 4 1 1 0 4 1 1 4 4 1 1 4 4 1 1 4 4 1 1 4 4 4 4 
1 1 1 1 1 1 1 1 1 1 1 0 0 0 0 0 0 0 0 0 0 0 0 0 0 0 0 0 0 0 1 0 4 4 1 1 0 4 1 1 4 4 1 1 4 4 1 1 4 4 1 1 4 4 4 4 
1 1 1 1 1 1 1 1 1 1 1 0 0 0 0 0 0 0 0 0 0 0 0 0 0 0 0 0 0 0 1 0 0 0 0 0 0 0 4 4 1 1 4 4 4 4 4 4 1 1 4 4 4 4 4 4 
1 1 1 1 1 1 1 1 1 1 1 1 1 1 1 1 1 1 1 0 0 1 1 1 1 1 1 1 1 1 1 0 0 0 0 0 0 0 0 0 1 1 1 1 4 4 4 4 1 1 4 4 4 4 4 4 
1 1 1 1 1 1 1 1 0 0 1 1 1 1 1 1 1 1 1 1 1 1 1 1 1 1 1 1 1 1 1 0 0 0 0 0 0 0 4 4 4 4 1 1 0 1 1 0 0 1 1 4 4 1 1 4 
1 1 1 1 0 0 1 0 0 0 0 0 0 0 0 0 0 0 0 0 0 0 0 0 0 0 0 0 0 0 0 0 0 0 0 0 0 0 0 0 0 4 4 1 1 1 1 1 1 1 1 1 1 1 1 1 
1 1 1 1 0 0 0 0 0 0 0 0 0 0 0 0 0 0 0 0 0 0 0 0 0 0 0 0 0 0 0 0 0 0 0 0 0 0 0 0 0 0 0 1 1 0 0 1 1 0 0 1 1 0 0 1 
