connections=[
		],
events={
	
		'exits':[		],
	
		'NPCs':[
			{'is_trainer':0,'b1':8,'b2':0,'sprite':'255','x':1,'y':1},
			{'is_trainer':0,'b1':7,'b2':0,'sprite':'85','x':14,'y':3},
			{'is_trainer':0,'b1':7,'b2':0,'sprite':'85','x':1,'y':3},
			{'is_trainer':0,'b1':8,'b2':0,'sprite':'254','x':14,'y':1},
		],
	
		'signs':[
		],
	
		'triggers':[
		],

},
partial_map=[
	[1, 1, 1, 1, 1, 1, 0, 0, 0, 0, 1, 1, 1, 1, 1, 1, 1, ],
	[1, 1, 1, 1, 1, 1, 0, 0, 0, 0, 1, 1, 1, 1, 1, 1, 1, ],
	[12, 12, 12, 12, 12, 12, 12, 12, 12, 12, 12, 12, 12, 12, 12, 12, 12, ],
	[12, 12, 12, 12, 12, 12, 12, 12, 12, 12, 12, 12, 12, 12, 12, 12, 12, ],
	[12, 12, 12, 12, 12, 12, 12, 12, 12, 12, 12, 12, 12, 12, 12, 12, 12, ],
]
