connections=[
		],
events={
	
		'exits':[{'name':'BATTLE FRONTIER (26.4)','x':6,'y':8},{'name':'BATTLE FRONTIER (26.4)','x':7,'y':8},		],
	
		'NPCs':[
			{'is_trainer':0,'b1':8,'b2':0,'sprite':'85','x':5,'y':2},
		],
	
		'signs':[
		],
	
		'triggers':[
		],

},
partial_map=[
	[1, 1, 0, 0, 0, 1, 0, 0, 0, ],
	[1, 1, 0, 0, 0, 1, 0, 0, 0, ],
	[13, 13, 0, 0, 0, 0, 0, 1, 1, ],
	[13, 13, 0, 0, 0, 0, 0, 0, 0, ],
	[13, 13, 0, 0, 0, 0, 0, 0, 0, ],
	[13, 13, 0, 0, 0, 0, 0, 0, 0, ],
	[13, 13, 0, 0, 0, 0, 0, 0, 0, ],
	[1, 1, 1, 1, 0, 0, 0, 0, 0, ],
]
