connections=[
		],
events={
	{
		exits:[BATTLE FRONTIER (26.14),BATTLE FRONTIER (26.14),BATTLE FRONTIER (26.14),		]},
	{
		NPCs:[
			{is_trainer:0,b1:9,b2:0,sprite:85},
			{is_trainer:0,b1:10,b2:0,sprite:15},
			{is_trainer:0,b1:8,b2:0,sprite:18},
			{is_trainer:0,b1:2,b2:0,sprite:49},
			{is_trainer:0,b1:2,b2:0,sprite:66},
			{is_trainer:0,b1:8,b2:0,sprite:85},
			{is_trainer:0,b1:8,b2:0,sprite:85},
			{is_trainer:0,b1:10,b2:0,sprite:85},
			{is_trainer:0,b1:2,b2:0,sprite:8},
		]},
	{
		signs:[
		]},
	{
		triggers:[
		]},

},
[
	[1, 1, 1, 1, 1, 1, 1, 1, 1, 1, 1, 1, 1, 1, 1, ],
	[1, 1, 1, 1, 1, 1, 1, 1, 1, 1, 1, 1, 1, 1, 1, ],
	[0, 0, 0, 1, 1, 1, 1, 1, 1, 1, 1, 1, 0, 0, 0, ],
	[0, 0, 0, 1, 1, 1, 0, 0, 0, 1, 1, 1, 0, 0, 0, ],
	[0, 0, 0, 1, 0, 0, 0, 0, 0, 0, 0, 1, 0, 0, 0, ],
	[0, 0, 0, 1, 0, 0, 0, 0, 0, 0, 0, 1, 0, 0, 0, ],
	[0, 0, 0, 1, 1, 1, 1, 1, 1, 1, 1, 1, 0, 0, 0, ],
	[0, 0, 0, 0, 0, 0, 0, 0, 0, 0, 0, 0, 0, 0, 0, ],
	[0, 0, 0, 0, 0, 0, 0, 0, 0, 0, 0, 0, 0, 0, 0, ],
	[1, 0, 0, 0, 0, 0, 0, 0, 0, 0, 0, 0, 0, 0, 1, ],
	[1, 1, 0, 0, 0, 0, 0, 0, 0, 0, 0, 0, 0, 1, 1, ],
]
