connections=[
		],
events={
	{
		exits:[		]},
	{
		NPCs:[
			{is_trainer:0,b1:8,b2:0,sprite:67},
			{is_trainer:0,b1:8,b2:0,sprite:6},
			{is_trainer:0,b1:8,b2:0,sprite:7},
			{is_trainer:0,b1:8,b2:0,sprite:9},
			{is_trainer:0,b1:8,b2:0,sprite:5},
			{is_trainer:0,b1:8,b2:0,sprite:19},
			{is_trainer:0,b1:8,b2:0,sprite:21},
			{is_trainer:0,b1:8,b2:0,sprite:31},
			{is_trainer:0,b1:8,b2:0,sprite:23},
			{is_trainer:0,b1:8,b2:0,sprite:17},
			{is_trainer:0,b1:8,b2:0,sprite:10},
			{is_trainer:0,b1:8,b2:0,sprite:8},
			{is_trainer:0,b1:7,b2:0,sprite:241},
			{is_trainer:0,b1:8,b2:0,sprite:24},
			{is_trainer:0,b1:9,b2:0,sprite:240},
		]},
	{
		signs:[
		]},
	{
		triggers:[
		]},

},
[
	[0, 0, 0, 0, 0, 0, 0, 0, 0, 0, 0, 0, 0, 0, 0, 0, 0, 0, 0, 0, ],
	[0, 0, 0, 0, 0, 0, 0, 0, 0, 0, 0, 0, 0, 0, 0, 0, 0, 0, 0, 0, ],
	[0, 0, 0, 0, 0, 0, 0, 0, 0, 0, 0, 0, 0, 0, 0, 0, 0, 0, 0, 0, ],
	[0, 0, 0, 0, 0, 0, 0, 0, 0, 0, 0, 0, 0, 0, 0, 0, 0, 0, 0, 0, ],
	[0, 0, 0, 0, 0, 0, 0, 0, 0, 0, 0, 0, 0, 0, 0, 0, 0, 0, 0, 0, ],
	[0, 0, 0, 0, 0, 0, 0, 0, 0, 0, 0, 0, 0, 0, 0, 0, 0, 0, 0, 0, ],
	[0, 0, 0, 0, 0, 0, 0, 0, 0, 0, 0, 0, 0, 0, 0, 0, 0, 0, 0, 0, ],
	[0, 0, 0, 0, 0, 0, 0, 0, 0, 0, 0, 0, 0, 0, 0, 0, 0, 0, 0, 0, ],
	[0, 0, 0, 0, 0, 0, 0, 0, 0, 0, 0, 0, 0, 0, 0, 0, 0, 0, 0, 0, ],
	[0, 0, 0, 0, 0, 0, 0, 0, 0, 0, 0, 0, 0, 0, 0, 0, 0, 0, 0, 0, ],
]
