connections=[
		],
events={
	{
		exits:[BATTLE FRONTIER (26.4),		]},
	{
		NPCs:[
			{is_trainer:0,b1:2,b2:0,sprite:49},
			{is_trainer:0,b1:10,b2:0,sprite:22},
			{is_trainer:0,b1:9,b2:0,sprite:22},
			{is_trainer:0,b1:9,b2:0,sprite:48},
		]},
	{
		signs:[
		]},
	{
		triggers:[
		]},

},
[
	[1, 1, 1, 1, 1, 1, 1, 1, 1, ],
	[1, 1, 1, 1, 1, 1, 1, 1, 1, ],
	[1, 1, 1, 1, 1, 1, 1, 1, 1, ],
	[0, 0, 0, 0, 0, 0, 0, 0, 0, ],
	[0, 0, 0, 0, 0, 0, 0, 0, 0, ],
	[0, 0, 0, 0, 0, 0, 0, 0, 0, ],
	[0, 0, 0, 0, 0, 0, 0, 0, 0, ],
	[0, 0, 0, 0, 0, 0, 0, 0, 0, ],
	[0, 0, 0, 0, 0, 0, 0, 0, 0, ],
	[1, 0, 0, 0, 0, 0, 0, 0, 1, ],
]
