connections=[
		],
events={
	
		'exits':[		],
	
		'NPCs':[
			{'is_trainer':0,'b1':8,'b2':0,'sprite':'44','x':5,'y':3},
			{'is_trainer':0,'b1':8,'b2':0,'sprite':'44','x':10,'y':3},
			{'is_trainer':0,'b1':7,'b2':0,'sprite':'44','x':5,'y':9},
			{'is_trainer':0,'b1':7,'b2':0,'sprite':'44','x':10,'y':9},
			{'is_trainer':0,'b1':10,'b2':0,'sprite':'44','x':4,'y':5},
			{'is_trainer':0,'b1':9,'b2':0,'sprite':'44','x':11,'y':5},
			{'is_trainer':0,'b1':9,'b2':0,'sprite':'240','x':15,'y':6},
			{'is_trainer':0,'b1':10,'b2':0,'sprite':'241','x':0,'y':6},
			{'is_trainer':0,'b1':8,'b2':0,'sprite':'44','x':7,'y':4},
		],
	
		'signs':[
		],
	
		'triggers':[
		],

},
partial_map=[
	[1, 1, 1, 1, 1, 1, 1, 1, 1, 1, 1, 1, 1, 1, 1, 1, ],
	[1, 1, 1, 1, 1, 1, 1, 1, 1, 1, 1, 1, 1, 1, 1, 1, ],
	[1, 1, 1, 1, 1, 1, 1, 1, 1, 1, 1, 1, 1, 1, 1, 1, ],
	[12, 12, 12, 12, 12, 12, 12, 12, 12, 12, 12, 12, 12, 12, 12, 12, ],
	[12, 12, 12, 12, 12, 12, 12, 12, 12, 12, 12, 12, 12, 12, 12, 12, ],
	[12, 12, 12, 12, 12, 12, 12, 12, 12, 12, 12, 12, 12, 12, 12, 12, ],
	[12, 12, 12, 12, 12, 12, 12, 12, 12, 12, 12, 12, 12, 12, 12, 12, ],
	[12, 12, 12, 12, 12, 12, 12, 12, 12, 12, 12, 12, 12, 12, 12, 12, ],
	[12, 12, 12, 12, 12, 12, 12, 12, 12, 12, 12, 12, 12, 12, 12, 12, ],
	[12, 12, 12, 12, 12, 12, 12, 12, 12, 12, 12, 12, 12, 12, 12, 12, ],
	[12, 12, 12, 12, 12, 12, 12, 12, 12, 12, 12, 12, 12, 12, 12, 12, ],
]
