connections=[
		],
events={
	
		'exits':[{'name':'BATTLE FRONTIER (26.4)','x':4,'y':13},{'name':'BATTLE FRONTIER (26.4)','x':4,'y':1},		],
	
		'NPCs':[
			{'is_trainer':0,'b1':10,'b2':0,'sprite':'85','x':0,'y':11},
			{'is_trainer':0,'b1':9,'b2':0,'sprite':'85','x':8,'y':11},
			{'is_trainer':0,'b1':9,'b2':0,'sprite':'23','x':8,'y':4},
			{'is_trainer':0,'b1':8,'b2':0,'sprite':'219','x':4,'y':5},
			{'is_trainer':0,'b1':10,'b2':0,'sprite':'23','x':0,'y':4},
		],
	
		'signs':[
		],
	
		'triggers':[
		],

},
partial_map=[
	[1, 1, 1, 1, 1, 1, 1, 1, 1, ],
	[1, 1, 1, 1, 0, 1, 1, 1, 1, ],
	[0, 0, 0, 0, 0, 0, 0, 0, 0, ],
	[1, 1, 1, 0, 0, 0, 1, 1, 1, ],
	[0, 1, 0, 0, 0, 0, 0, 1, 0, ],
	[1, 1, 1, 0, 0, 0, 1, 1, 1, ],
	[0, 0, 0, 0, 0, 0, 0, 0, 0, ],
	[0, 0, 0, 0, 0, 0, 1, 1, 1, ],
	[0, 1, 1, 0, 0, 0, 0, 0, 0, ],
	[0, 0, 0, 0, 0, 0, 0, 0, 0, ],
	[1, 1, 1, 0, 0, 0, 1, 1, 1, ],
	[0, 1, 0, 0, 0, 0, 0, 1, 0, ],
	[1, 1, 1, 0, 0, 0, 1, 1, 1, ],
	[0, 0, 0, 0, 0, 0, 0, 0, 0, ],
]
