connections=[
		],
events={
	
		'exits':[{'name':'BATTLE FRONTIER (26.4)','x':4,'y':9},		],
	
		'NPCs':[
			{'is_trainer':0,'b1':7,'b2':0,'sprite':'24','x':4,'y':4},
			{'is_trainer':0,'b1':2,'b2':0,'sprite':'27','x':6,'y':6},
			{'is_trainer':0,'b1':10,'b2':0,'sprite':'33','x':0,'y':5},
		],
	
		'signs':[
		],
	
		'triggers':[
		],

},
partial_map=[
	[1, 1, 1, 1, 1, 1, 1, 1, 1, ],
	[1, 1, 1, 1, 1, 1, 1, 1, 1, ],
	[1, 1, 1, 1, 1, 1, 1, 1, 1, ],
	[0, 0, 0, 0, 0, 0, 0, 0, 0, ],
	[0, 0, 0, 0, 0, 0, 0, 0, 0, ],
	[0, 0, 0, 0, 0, 0, 0, 0, 0, ],
	[0, 0, 0, 0, 0, 0, 0, 0, 0, ],
	[0, 0, 0, 0, 0, 0, 0, 0, 0, ],
	[0, 0, 0, 0, 0, 0, 0, 0, 0, ],
	[1, 0, 0, 0, 0, 0, 0, 0, 1, ],
]
