connections=[
		],
events={
	{
		exits:[BATTLE FRONTIER (26.14),		]},
	{
		NPCs:[
			{is_trainer:0,b1:7,b2:0,sprite:55},
			{is_trainer:0,b1:8,b2:0,sprite:17},
			{is_trainer:0,b1:10,b2:0,sprite:20},
			{is_trainer:0,b1:9,b2:0,sprite:18},
			{is_trainer:0,b1:2,b2:0,sprite:33},
		]},
	{
		signs:[
		]},
	{
		triggers:[
		]},

},
[
	[1, 1, 1, 1, 1, 1, 1, 1, 1, ],
	[1, 1, 1, 1, 1, 1, 1, 1, 1, ],
	[1, 1, 1, 1, 1, 1, 1, 1, 1, ],
	[0, 0, 0, 0, 0, 0, 0, 0, 0, ],
	[0, 0, 0, 0, 0, 0, 0, 0, 0, ],
	[0, 0, 0, 0, 0, 0, 0, 0, 0, ],
	[0, 0, 0, 0, 0, 0, 0, 0, 0, ],
	[0, 0, 0, 0, 0, 0, 0, 0, 0, ],
	[0, 0, 0, 0, 0, 0, 0, 0, 0, ],
	[1, 0, 0, 0, 0, 0, 0, 0, 1, ],
]
