connections=[
		],
events={
	{
		exits:[		]},
	{
		NPCs:[
			{is_trainer:0,b1:10,b2:0,sprite:28},
			{is_trainer:0,b1:8,b2:0,sprite:28},
		]},
	{
		signs:[
		]},
	{
		triggers:[
			{x:2,y:3,flag:16385,scriptPointer:2899790},
			{x:6,y:3,flag:16385,scriptPointer:2899801},
			{x:10,y:3,flag:16385,scriptPointer:2899812},
			{x:5,y:10,flag:16387,scriptPointer:2900077},
			{x:6,y:10,flag:16387,scriptPointer:2900077},
			{x:6,y:9,flag:16386,scriptPointer:2900066},
			{x:5,y:9,flag:16386,scriptPointer:2900066},
			{x:7,y:9,flag:16386,scriptPointer:2900066},
			{x:7,y:10,flag:16387,scriptPointer:2900077},
		]},

},
[
	[1, 1, 1, 1, 1, 1, 1, 1, 1, 1, 1, 1, 1, ],
	[1, 1, 1, 1, 1, 1, 1, 1, 1, 1, 1, 1, 1, ],
	[13, 1, 1, 1, 1, 1, 1, 1, 1, 1, 1, 1, 1, ],
	[13, 1, 12, 1, 13, 1, 12, 1, 13, 1, 12, 1, 13, ],
	[1, 12, 12, 12, 1, 12, 12, 12, 1, 12, 12, 12, 1, ],
	[12, 12, 12, 12, 12, 12, 12, 12, 12, 12, 12, 12, 12, ],
	[12, 12, 12, 12, 12, 12, 12, 12, 12, 12, 12, 12, 12, ],
	[12, 12, 12, 12, 12, 12, 12, 12, 12, 12, 12, 12, 12, ],
	[12, 12, 12, 12, 12, 12, 12, 12, 12, 12, 12, 12, 12, ],
	[12, 12, 12, 12, 12, 12, 12, 12, 12, 12, 12, 12, 12, ],
	[12, 12, 12, 1, 12, 12, 12, 12, 1, 12, 12, 12, 12, ],
]
