connections=[
		],
events={
	{
		exits:[BATTLE FRONTIER (26.23),BATTLE FRONTIER (26.23),		]},
	{
		NPCs:[
			{is_trainer:0,b1:7,b2:0,sprite:241},
			{is_trainer:0,b1:8,b2:0,sprite:240},
			{is_trainer:0,b1:10,b2:0,sprite:21},
			{is_trainer:0,b1:8,b2:0,sprite:226},
			{is_trainer:0,b1:8,b2:0,sprite:214},
		]},
	{
		signs:[
		]},
	{
		triggers:[
		]},

},
[
	[12, 12, 13, 12, 12, 13, 12, 12, 13, 12, 12, 13, 13, 12, 1, ],
	[12, 12, 13, 12, 12, 13, 12, 12, 13, 12, 12, 13, 13, 12, 1, ],
	[12, 12, 13, 12, 12, 13, 12, 12, 13, 12, 12, 13, 0, 0, 0, ],
	[12, 12, 12, 12, 12, 13, 13, 13, 13, 13, 13, 12, 12, 12, 12, ],
	[12, 12, 12, 0, 13, 13, 13, 13, 13, 13, 13, 0, 12, 12, 12, ],
	[12, 12, 12, 12, 1, 1, 1, 1, 1, 1, 1, 0, 12, 12, 12, ],
	[12, 12, 0, 0, 1, 1, 1, 1, 1, 1, 1, 0, 12, 12, 12, ],
	[12, 12, 0, 0, 0, 0, 0, 0, 0, 0, 0, 0, 12, 12, 12, ],
	[12, 12, 0, 0, 0, 0, 0, 0, 0, 0, 0, 0, 12, 12, 12, ],
	[12, 12, 0, 0, 0, 0, 0, 0, 0, 0, 0, 0, 0, 0, 0, ],
]
