connections=[
			{up:ROUTE 106 (0.21)},
			{right:ROUTE 107 (0.22)},
		],
events={
	{
		exits:[DEWFORD TOWN (3.4),DEWFORD TOWN (3.1),DEWFORD TOWN (3.3),DEWFORD TOWN (3.0),DEWFORD TOWN (3.5),		]},
	{
		NPCs:[
			{is_trainer:0,b1:5,b2:0,sprite:20},
			{is_trainer:0,b1:9,b2:0,sprite:21},
			{is_trainer:0,b1:5,b2:0,sprite:50},
			{is_trainer:0,b1:8,b2:0,sprite:88},
			{is_trainer:0,b1:1,b2:0,sprite:7},
		]},
	{
		signs:[
			{x:10,y:10},
			{x:11,y:16},
			{x:4,y:10},
			{x:3,y:10},
			{x:2,y:4},
		]},
	{
		triggers:[
		]},

},
[
	[1, 1, 1, 12, 12, 12, 12, 12, 12, 12, 12, 4, 4, 5, 1, 1, 1, 12, 1, 12, ],
	[1, 1, 1, 1, 1, 1, 12, 12, 12, 12, 12, 4, 4, 5, 1, 1, 1, 1, 1, 1, ],
	[1, 1, 1, 1, 1, 1, 12, 12, 12, 12, 12, 4, 4, 5, 1, 12, 1, 1, 1, 1, ],
	[12, 1, 1, 1, 1, 1, 12, 12, 12, 12, 12, 4, 4, 13, 1, 1, 1, 1, 12, 1, ],
	[1, 12, 1, 12, 12, 12, 12, 12, 12, 12, 12, 4, 4, 1, 1, 1, 12, 1, 1, 12, ],
	[1, 12, 12, 12, 12, 12, 12, 12, 12, 1, 1, 4, 4, 1, 1, 1, 1, 1, 1, 1, ],
	[12, 12, 12, 12, 12, 12, 12, 1, 1, 1, 1, 4, 4, 5, 5, 5, 5, 1, 1, 1, ],
	[12, 12, 12, 12, 12, 12, 12, 1, 1, 1, 1, 4, 4, 4, 4, 4, 5, 5, 5, 5, ],
	[12, 1, 1, 1, 1, 12, 12, 1, 1, 1, 1, 4, 4, 4, 4, 4, 4, 4, 4, 4, ],
	[12, 1, 1, 1, 1, 12, 12, 12, 12, 12, 12, 12, 12, 12, 4, 4, 4, 4, 4, 4, ],
	[12, 1, 1, 1, 1, 12, 12, 12, 12, 12, 1, 1, 1, 1, 4, 12, 12, 12, 12, 12, ],
	[12, 12, 12, 12, 12, 12, 12, 12, 12, 12, 12, 12, 12, 12, 12, 12, 12, 12, 12, 12, ],
	[12, 12, 12, 12, 12, 12, 12, 12, 12, 12, 12, 12, 12, 12, 12, 12, 1, 1, 1, 1, ],
	[12, 12, 12, 12, 12, 12, 12, 12, 12, 12, 12, 12, 12, 12, 12, 12, 1, 1, 1, 1, ],
	[12, 12, 12, 12, 12, 1, 1, 1, 1, 1, 1, 12, 12, 12, 12, 12, 1, 1, 1, 1, ],
	[1, 12, 12, 12, 12, 1, 1, 1, 1, 1, 1, 12, 12, 12, 12, 12, 12, 12, 1, 12, ],
	[1, 12, 12, 12, 12, 1, 1, 1, 1, 1, 1, 1, 12, 12, 12, 12, 12, 12, 12, 1, ],
	[1, 12, 12, 12, 12, 12, 12, 1, 1, 1, 12, 12, 12, 12, 12, 12, 12, 12, 12, 1, ],
	[12, 1, 12, 12, 12, 12, 12, 12, 12, 12, 12, 12, 12, 13, 12, 12, 1, 1, 1, 1, ],
	[1, 1, 1, 12, 12, 12, 12, 12, 12, 12, 12, 12, 12, 12, 1, 1, 12, 1, 1, 12, ],
]
