connections=[
		],
events={
	
		'exits':[{'name':'DEWFORD TOWN (0.11)','x':3,'y':8},{'name':'DEWFORD TOWN (0.11)','x':4,'y':8},		],
	
		'NPCs':[
			{'is_trainer':0,'b1':10,'b2':0,'sprite':'33','x':6,'y':5},
			{'is_trainer':0,'b1':1,'b2':0,'sprite':'9','x':2,'y':3},
		],
	
		'signs':[
		],
	
		'triggers':[
		],

},
partial_map=[
	[1, 1, 1, 1, 1, 1, 1, 1, 1, 1, ],
	[1, 1, 1, 1, 1, 1, 1, 1, 1, 1, ],
	[12, 12, 12, 13, 13, 12, 12, 12, 12, 12, ],
	[12, 12, 12, 12, 12, 12, 12, 12, 12, 12, ],
	[12, 12, 12, 12, 12, 12, 12, 1, 1, 12, ],
	[12, 12, 12, 12, 12, 12, 12, 1, 1, 12, ],
	[12, 12, 12, 12, 12, 12, 12, 12, 12, 12, ],
	[12, 12, 12, 12, 12, 12, 12, 12, 12, 12, ],
	[12, 12, 12, 0, 0, 12, 12, 12, 12, 12, ],
]
