connections=[
		],
events={
	{
		exits:[DEWFORD TOWN (0.11),DEWFORD TOWN (0.11),		]},
	{
		NPCs:[
			{is_trainer:0,b1:7,b2:0,sprite:10},
			{is_trainer:0,b1:10,b2:0,sprite:20},
			{is_trainer:0,b1:9,b2:0,sprite:19},
			{is_trainer:0,b1:7,b2:0,sprite:21},
			{is_trainer:0,b1:7,b2:0,sprite:6},
			{is_trainer:0,b1:5,b2:0,sprite:11},
			{is_trainer:0,b1:10,b2:0,sprite:38},
			{is_trainer:0,b1:9,b2:0,sprite:37},
			{is_trainer:0,b1:5,b2:0,sprite:39},
		]},
	{
		signs:[
			{x:0,y:1},
			{x:7,y:1},
		]},
	{
		triggers:[
		]},

},
[
	[1, 13, 13, 1, 1, 13, 1, 1, 1, 1, 13, 1, 1, 1, 13, 1, 1, ],
	[13, 13, 13, 13, 13, 13, 13, 13, 13, 13, 1, 13, 13, 13, 13, 13, 13, ],
	[12, 12, 12, 12, 12, 12, 12, 12, 12, 12, 1, 12, 12, 13, 13, 12, 12, ],
	[12, 12, 12, 12, 12, 12, 12, 12, 12, 12, 1, 12, 12, 1, 1, 12, 12, ],
	[12, 12, 1, 1, 1, 12, 12, 12, 12, 12, 1, 12, 12, 12, 12, 12, 12, ],
	[12, 12, 1, 1, 1, 12, 12, 12, 12, 12, 1, 12, 12, 13, 1, 1, 1, ],
	[12, 12, 12, 12, 12, 12, 12, 12, 12, 12, 1, 12, 12, 1, 1, 1, 1, ],
	[12, 12, 12, 12, 12, 12, 12, 12, 12, 12, 12, 12, 12, 12, 12, 12, 12, ],
	[12, 12, 12, 12, 12, 0, 0, 12, 12, 12, 12, 12, 12, 12, 12, 12, 12, ],
]
