connections=[
		],
events={
	{
		exits:[DEWFORD TOWN (0.11),DEWFORD TOWN (0.11),		]},
	{
		NPCs:[
			{is_trainer:0,b1:9,b2:0,sprite:24},
			{is_trainer:0,b1:10,b2:0,sprite:19},
			{is_trainer:0,b1:8,b2:0,sprite:208},
		]},
	{
		signs:[
		]},
	{
		triggers:[
		]},

},
[
	[1, 1, 1, 1, 1, 1, 1, 1, 1, 1, ],
	[1, 1, 1, 1, 1, 1, 1, 1, 1, 1, ],
	[12, 12, 12, 12, 12, 12, 12, 12, 12, 12, ],
	[12, 12, 12, 12, 1, 1, 12, 12, 12, 12, ],
	[12, 12, 12, 12, 1, 1, 12, 12, 12, 12, ],
	[12, 12, 12, 12, 12, 12, 12, 12, 12, 12, ],
	[12, 12, 12, 12, 12, 12, 12, 12, 12, 12, ],
	[12, 12, 12, 0, 0, 12, 12, 12, 12, 12, ],
]
