Connections;
Exits;EVER GRANDE CITY (16.7);EVER GRANDE CITY (16.8);
1 1 1 1 1 1 1 1 1 1 1 1 1 
1 1 1 1 1 1 1 1 1 1 1 1 1 
1 1 1 1 1 1 1 1 1 1 1 1 1 
12 12 12 12 12 12 12 12 12 12 12 12 12 
1 1 12 12 12 12 12 12 12 12 12 1 1 
1 1 12 12 12 12 12 12 12 12 12 1 1 
1 1 12 12 12 12 12 12 12 12 12 1 1 
1 1 12 12 12 12 12 12 12 12 12 1 1 
1 1 12 12 12 12 12 12 12 12 12 1 1 
12 12 12 12 12 12 12 12 12 12 12 12 12 
12 12 12 12 12 12 12 12 12 12 12 12 12 
12 12 12 12 12 12 12 12 12 12 12 12 12 
1 1 1 1 1 12 12 12 1 1 1 1 1 
1 1 1 1 1 12 12 12 1 1 1 1 1 
