Connections;
Exits;EVER GRANDE CITY (16.9);EVER GRANDE CITY (16.5);
1 1 1 1 1 1 1 1 1 1 1 1 1 
1 1 1 1 1 1 1 1 1 1 1 1 1 
1 1 1 1 1 1 1 1 1 1 1 1 1 
12 12 12 12 12 12 12 12 12 12 12 12 12 
1 1 12 12 12 12 12 12 12 12 12 1 1 
1 1 12 12 12 12 12 12 12 12 12 1 1 
1 1 12 12 12 12 12 12 12 12 12 1 1 
1 1 12 12 12 12 12 12 12 12 12 1 1 
1 1 12 12 12 12 12 12 12 12 12 1 1 
12 12 12 12 12 12 12 12 12 12 12 12 12 
12 12 12 12 12 12 12 12 12 12 12 12 12 
12 12 12 12 12 12 12 12 12 12 12 12 12 
1 1 1 1 1 12 12 12 1 1 1 1 1 
1 1 1 1 1 12 12 12 1 1 1 1 1 
