connections=[
		],
events={
	{
		exits:[EVER GRANDE CITY (0.8),EVER GRANDE CITY (0.8),EVER GRANDE CITY (16.9),EVER GRANDE CITY (16.9),EVER GRANDE CITY (16.14),		]},
	{
		NPCs:[
			{is_trainer:0,b1:8,b2:0,sprite:58},
			{is_trainer:0,b1:8,b2:0,sprite:83},
			{is_trainer:0,b1:8,b2:0,sprite:33},
			{is_trainer:0,b1:8,b2:0,sprite:33},
		]},
	{
		signs:[
		]},
	{
		triggers:[
		]},

},
[
	[1, 1, 1, 1, 1, 1, 1, 1, 1, 1, 1, 1, 1, 1, 1, 1, 1, 1, 1, ],
	[1, 1, 1, 1, 1, 1, 1, 1, 1, 12, 12, 1, 1, 1, 1, 1, 1, 1, 1, ],
	[12, 1, 1, 12, 1, 1, 12, 12, 12, 12, 12, 12, 12, 12, 1, 12, 12, 12, 12, ],
	[1, 1, 1, 1, 1, 1, 12, 12, 12, 12, 12, 12, 12, 12, 1, 1, 1, 1, 1, ],
	[12, 12, 12, 12, 12, 12, 12, 12, 12, 12, 12, 12, 12, 12, 12, 12, 12, 12, 12, ],
	[12, 12, 12, 12, 12, 12, 12, 12, 12, 12, 12, 12, 12, 12, 12, 12, 12, 12, 12, ],
	[12, 12, 12, 12, 12, 12, 12, 12, 12, 12, 12, 12, 12, 12, 12, 12, 12, 12, 12, ],
	[13, 16, 0, 12, 12, 12, 12, 12, 12, 12, 12, 12, 12, 12, 12, 12, 12, 1, 1, ],
	[12, 12, 12, 12, 12, 12, 12, 12, 12, 12, 12, 12, 12, 12, 12, 1, 1, 12, 12, ],
	[12, 12, 12, 12, 12, 12, 12, 12, 12, 12, 12, 12, 12, 12, 12, 1, 1, 12, 12, ],
	[12, 12, 12, 1, 1, 12, 12, 12, 12, 12, 12, 12, 12, 12, 12, 12, 12, 12, 12, ],
	[1, 1, 1, 1, 1, 12, 12, 12, 12, 12, 12, 12, 12, 12, 12, 12, 12, 12, 1, ],
]
