connections=[
		],
events={
	{
		exits:[FALLARBOR TOWN (0.13),FALLARBOR TOWN (0.13),		]},
	{
		NPCs:[
			{is_trainer:0,b1:2,b2:0,sprite:46},
			{is_trainer:0,b1:5,b2:0,sprite:20},
		]},
	{
		signs:[
		]},
	{
		triggers:[
		]},

},
[
	[1, 1, 1, 1, 1, 1, 1, 1, 1, 1, ],
	[1, 1, 1, 1, 1, 1, 1, 1, 12, 12, ],
	[12, 12, 12, 12, 12, 12, 12, 12, 1, 1, ],
	[12, 12, 12, 12, 12, 12, 12, 12, 12, 12, ],
	[12, 0, 13, 13, 12, 12, 12, 12, 12, 12, ],
	[12, 0, 13, 13, 12, 12, 12, 12, 12, 12, ],
	[12, 12, 12, 12, 12, 12, 12, 12, 12, 12, ],
	[12, 12, 12, 12, 12, 12, 12, 12, 12, 12, ],
	[12, 12, 12, 0, 0, 12, 12, 12, 12, 13, ],
]
