connections=[
			{left:ROUTE 114 (0.29)},
			{right:ROUTE 113 (0.28)},
		],
events={
	{
		exits:[FALLARBOR TOWN (5.0),FALLARBOR TOWN (5.1),FALLARBOR TOWN (5.4),FALLARBOR TOWN (5.6),FALLARBOR TOWN (5.7),		]},
	{
		NPCs:[
			{is_trainer:0,b1:8,b2:0,sprite:8},
			{is_trainer:0,b1:5,b2:0,sprite:21},
			{is_trainer:0,b1:3,b2:0,sprite:48},
			{is_trainer:0,b1:1,b2:0,sprite:214},
		]},
	{
		signs:[
			{x:16,y:15},
			{x:15,y:7},
			{x:6,y:8},
			{x:16,y:7},
			{x:10,y:11},
			{x:17,y:15},
			{x:3,y:7},
			{x:2,y:15},
		]},
	{
		triggers:[
		]},

},
[
	[0, 0, 0, 0, 0, 0, 0, 0, 0, 0, 0, 0, 0, 0, 1, 1, 1, 1, 1, 1, ],
	[1, 1, 1, 1, 1, 1, 1, 1, 1, 1, 1, 1, 1, 1, 0, 0, 0, 0, 0, 0, ],
	[1, 1, 1, 1, 1, 1, 1, 1, 1, 1, 1, 1, 1, 1, 1, 1, 1, 1, 1, 1, ],
	[1, 1, 1, 1, 1, 1, 1, 1, 1, 1, 1, 1, 1, 1, 1, 1, 1, 1, 1, 1, ],
	[1, 1, 1, 1, 13, 13, 1, 1, 1, 1, 1, 1, 1, 1, 1, 1, 1, 1, 1, 1, ],
	[1, 1, 1, 1, 12, 12, 1, 1, 1, 1, 1, 12, 12, 1, 1, 1, 1, 1, 1, 1, ],
	[1, 1, 1, 1, 12, 13, 1, 1, 1, 1, 1, 13, 12, 1, 1, 1, 1, 12, 12, 12, ],
	[12, 12, 12, 1, 12, 13, 1, 1, 1, 1, 1, 13, 12, 1, 1, 1, 1, 12, 12, 12, ],
	[12, 12, 12, 12, 12, 12, 1, 12, 12, 12, 12, 12, 12, 12, 12, 12, 12, 12, 12, 12, ],
	[12, 12, 12, 12, 12, 12, 12, 12, 12, 12, 12, 12, 12, 12, 12, 12, 12, 12, 12, 12, ],
	[12, 12, 12, 12, 12, 12, 12, 12, 12, 12, 12, 12, 12, 12, 12, 12, 12, 12, 12, 12, ],
	[12, 12, 12, 12, 12, 12, 12, 12, 12, 12, 1, 12, 12, 12, 12, 12, 12, 12, 12, 12, ],
	[12, 12, 12, 12, 12, 12, 12, 12, 12, 12, 12, 12, 12, 12, 12, 12, 12, 12, 12, 12, ],
	[12, 12, 12, 12, 12, 12, 12, 12, 12, 12, 12, 12, 12, 12, 1, 1, 1, 1, 12, 12, ],
	[12, 12, 12, 12, 12, 12, 12, 12, 12, 12, 12, 12, 12, 12, 1, 1, 1, 1, 12, 12, ],
	[12, 12, 12, 12, 12, 1, 1, 1, 1, 12, 12, 12, 12, 12, 1, 1, 1, 1, 13, 13, ],
	[12, 12, 12, 12, 12, 1, 1, 1, 1, 12, 12, 12, 12, 12, 12, 12, 12, 12, 12, 1, ],
	[12, 12, 12, 12, 12, 1, 1, 1, 1, 12, 12, 12, 12, 12, 12, 12, 12, 12, 13, 13, ],
	[1, 12, 12, 12, 12, 12, 12, 12, 12, 12, 12, 12, 12, 12, 12, 12, 12, 13, 1, 1, ],
	[1, 1, 1, 1, 12, 12, 12, 12, 12, 12, 12, 12, 12, 12, 1, 13, 1, 1, 13, 13, ],
]
