Connections;
Exits;ROUTE 112 (0.27);ROUTE 112 (0.27);
1 1 1 1 1 1 1 1 1 1 1 1 1 1 1 1 1 1 1 1 1 1 1 1 1 1 1 1 1 1 1 1 1 1 1 
1 1 1 1 1 1 1 1 1 1 1 1 1 1 1 1 1 1 1 1 1 1 1 1 1 1 1 1 1 1 1 1 1 1 1 
1 1 1 1 1 1 1 12 12 12 1 1 1 1 1 1 1 1 1 12 12 12 12 12 12 12 12 1 1 1 1 1 1 1 1 
1 1 1 1 1 1 12 12 12 12 12 1 1 1 1 1 1 1 1 12 12 12 12 12 12 12 12 12 1 1 1 1 1 1 1 
1 1 1 1 1 1 12 12 12 12 12 1 1 1 1 1 1 1 1 12 12 12 12 12 12 12 12 12 1 1 1 1 1 1 1 
1 1 1 1 1 1 12 1 1 1 1 1 1 1 1 1 1 1 12 12 12 12 1 1 1 1 1 1 1 1 1 1 1 1 1 
1 1 1 1 1 1 12 1 1 1 1 1 1 1 1 1 1 1 12 12 12 1 1 1 1 1 1 1 1 1 1 1 1 1 1 
1 1 1 12 12 12 12 1 1 1 1 1 1 1 1 1 1 1 12 12 12 1 1 1 1 1 1 1 1 1 1 1 1 1 1 
1 1 1 12 1 1 12 1 1 1 1 1 1 1 1 1 1 1 12 12 12 1 1 1 1 1 1 1 1 1 1 1 1 1 1 
1 1 1 12 1 1 12 1 1 1 1 1 1 1 1 1 1 1 12 12 12 1 1 1 1 1 1 1 1 1 1 1 1 1 1 
1 1 1 12 1 1 12 1 1 1 1 1 1 1 1 1 1 1 12 12 12 1 1 1 1 1 1 1 1 1 1 1 1 1 1 
1 1 1 12 12 12 12 12 12 12 12 12 12 1 1 1 1 1 12 12 12 1 1 1 1 1 1 1 1 1 1 1 1 1 1 
1 1 1 12 1 1 1 1 1 1 1 12 1 1 1 1 1 1 12 12 12 1 1 1 1 1 1 1 1 1 1 1 1 1 1 
1 1 1 12 1 1 1 1 1 1 1 12 1 1 1 1 1 1 12 12 12 1 1 1 1 1 1 1 1 1 1 1 1 1 1 
1 1 1 12 1 1 1 1 1 1 12 12 1 1 1 1 1 1 12 12 12 1 1 1 1 1 1 1 1 1 1 1 1 1 1 
1 1 1 12 1 1 1 1 1 1 12 12 12 12 12 12 12 12 12 12 12 1 1 1 1 1 1 1 1 1 1 1 1 1 1 
1 1 1 12 1 1 1 1 1 1 12 12 12 1 1 1 1 1 12 12 12 1 1 1 1 1 1 1 1 1 1 1 1 1 1 
1 1 1 12 1 1 1 1 1 1 1 1 1 1 1 1 1 1 12 12 12 1 1 1 1 1 1 1 1 1 1 1 1 1 1 
1 1 1 12 1 1 1 1 1 1 1 1 1 1 1 1 1 1 12 12 12 12 1 1 1 1 1 1 1 1 1 1 1 1 1 
1 1 1 12 1 1 1 1 1 1 1 1 1 1 1 1 1 1 12 12 12 12 1 1 1 1 1 1 1 1 1 1 1 1 1 
1 1 1 12 1 1 1 1 1 1 1 1 1 1 1 1 1 1 1 12 12 12 12 12 12 12 12 1 1 1 1 1 1 1 1 
1 1 12 12 13 12 1 1 1 1 1 1 1 1 1 1 1 1 1 12 12 12 12 12 12 12 12 12 1 1 1 1 1 1 1 
1 1 12 12 12 12 12 1 1 1 1 1 1 1 1 1 1 1 1 12 12 12 12 12 12 12 12 12 1 1 1 1 1 1 1 
1 1 1 1 1 12 12 12 1 1 1 1 1 1 1 1 1 1 1 1 1 1 1 1 12 12 12 12 1 1 1 1 1 1 1 
1 1 1 1 1 12 12 12 1 1 1 1 1 1 1 1 1 1 0 0 0 0 1 1 12 12 12 12 1 1 1 1 1 1 1 
1 1 1 1 1 12 12 1 1 1 1 1 1 1 1 1 1 1 1 1 1 1 1 1 12 12 12 12 1 1 1 1 1 1 1 
1 1 1 1 1 12 1 1 1 1 1 1 1 1 1 1 1 1 1 1 1 1 1 1 1 12 12 12 1 1 1 1 1 1 1 
1 1 1 1 1 12 1 1 1 1 1 1 1 1 1 1 1 1 1 1 1 1 1 1 1 12 12 12 1 1 1 1 1 1 1 
1 1 1 1 1 12 12 12 12 1 1 1 1 1 1 1 1 1 1 1 1 1 1 1 1 12 12 12 1 1 1 1 1 1 1 
1 1 1 1 1 1 12 12 12 1 1 1 1 1 1 1 1 1 1 1 1 1 1 1 1 12 12 12 1 1 1 1 1 1 1 
1 1 1 1 1 1 12 12 12 1 1 1 1 1 1 1 1 1 1 1 1 1 1 1 1 12 12 12 1 1 1 1 1 1 1 
1 1 1 1 1 12 12 12 12 12 1 1 1 1 1 1 1 1 1 1 1 1 1 1 1 12 12 12 1 1 1 1 1 1 1 
1 1 1 1 12 12 12 12 12 12 12 1 1 1 1 1 1 1 1 1 1 1 1 1 1 12 12 12 1 1 1 1 1 1 1 
1 1 1 1 12 12 12 12 12 12 12 1 1 1 1 1 1 1 1 1 1 1 1 1 1 12 12 12 1 1 1 1 1 1 1 
1 1 1 1 12 12 12 12 12 12 12 1 1 1 1 1 1 1 1 1 1 1 1 1 1 12 12 12 1 1 1 1 1 1 1 
1 1 1 1 1 1 1 1 1 1 1 1 1 1 1 1 1 1 1 1 1 1 1 1 1 12 12 12 1 1 1 1 1 1 1 
1 1 1 0 0 0 0 0 0 0 0 0 1 1 1 1 1 1 1 1 1 1 1 1 1 12 12 12 1 1 1 1 1 1 1 
1 1 1 1 1 1 1 1 1 1 1 1 1 1 1 1 1 1 1 1 1 1 1 1 1 1 1 1 1 1 1 1 1 1 1 
