Connections;
Exits;FORTREE CITY (0.4);FORTREE CITY (0.4);
1 1 1 1 1 1 1 1 1 1 1 1 1 1 1 1 1 1 1 1 
1 1 1 1 0 12 1 1 1 1 1 1 1 1 1 1 1 1 1 1 
1 13 12 12 0 12 1 1 1 1 1 1 1 1 0 0 0 1 1 1 
1 13 12 1 0 12 1 1 1 1 12 12 12 1 0 0 0 1 1 1 
1 13 12 13 12 12 0 12 12 12 12 12 12 12 12 12 12 12 1 1 
1 1 12 13 12 12 1 1 1 1 1 1 1 0 12 12 12 12 1 1 
1 12 12 13 13 0 1 1 1 1 1 1 1 1 1 1 1 1 1 1 
1 12 12 13 13 12 0 12 1 1 1 1 1 12 12 12 12 12 1 1 
1 12 12 0 12 12 12 12 1 0 1 1 1 12 12 12 12 12 1 1 
1 12 13 13 13 0 12 12 0 0 0 1 1 12 12 12 12 12 1 1 
1 12 13 13 13 13 12 12 12 12 12 1 1 12 12 12 12 12 1 1 
1 13 13 1 1 13 1 13 13 0 1 1 1 12 12 12 12 12 1 1 
1 13 13 1 1 13 13 12 12 12 1 1 1 1 1 1 1 1 1 1 
1 1 1 13 13 13 13 12 1 0 1 1 1 12 12 12 12 12 1 1 
1 1 1 13 12 13 13 12 0 12 1 1 1 12 12 12 12 12 1 1 
1 13 13 13 12 13 13 12 12 1 1 1 1 12 12 12 12 12 1 1 
1 13 13 13 12 0 12 12 12 1 1 1 1 12 12 12 12 12 1 1 
1 13 12 12 12 12 1 0 1 1 1 1 1 1 1 1 1 1 1 1 
1 13 12 1 0 12 0 12 1 1 1 1 1 12 12 12 12 12 1 1 
1 13 12 0 12 1 1 1 1 1 1 1 1 12 12 12 12 12 1 1 
1 13 12 12 12 1 1 1 1 1 1 1 1 12 0 12 12 0 1 1 
1 13 12 12 12 1 1 12 12 12 1 12 12 12 1 0 12 1 1 1 
1 1 1 0 12 0 12 12 12 12 0 12 12 12 0 0 12 0 1 1 
1 1 1 1 0 12 12 12 1 1 1 1 1 0 12 12 12 12 1 1 
1 1 1 1 1 1 1 1 1 1 1 1 1 1 1 0 0 1 1 1 
