Connections;left:ROUTE 119 (0.34);right:ROUTE 120 (0.35);
Exits;FORTREE CITY (12.2);FORTREE CITY (12.0);FORTREE CITY (12.1);FORTREE CITY (12.4);FORTREE CITY (12.5);FORTREE CITY (12.6);FORTREE CITY (12.7);FORTREE CITY (12.8);FORTREE CITY (12.9);
1 1 1 1 1 1 1 1 1 1 1 1 1 1 1 1 1 1 1 1 1 1 1 1 1 1 1 1 1 1 1 1 1 1 1 1 1 1 1 1 
1 1 1 1 1 1 1 1 1 1 1 1 1 1 1 1 1 1 1 1 1 1 1 1 1 1 1 1 1 1 1 1 1 1 1 1 1 1 1 1 
1 1 1 1 1 1 1 1 1 1 1 1 1 1 1 1 1 1 1 1 1 1 1 1 1 1 1 1 1 1 1 1 0 1 1 1 1 1 1 1 
1 1 1 1 1 1 1 1 1 1 0 1 1 1 1 1 1 0 1 1 1 1 1 1 1 0 1 1 1 1 1 16 16 16 1 1 1 1 1 1 
1 1 1 1 1 1 1 1 1 16 16 16 16 16 16 16 16 16 16 16 16 16 16 16 16 16 16 16 16 16 16 16 16 16 1 1 1 1 1 1 
1 1 1 1 1 1 1 1 1 1 0 1 1 1 1 1 1 1 1 1 1 1 1 1 1 0 1 1 1 1 1 1 0 1 1 1 1 1 1 1 
12 1 1 1 1 1 1 1 1 1 0 1 1 1 1 1 1 1 1 1 1 1 1 1 1 0 1 1 1 1 1 1 0 1 1 1 1 1 1 1 
12 12 12 12 12 12 12 12 1 1 12 1 1 1 1 1 1 1 1 1 1 1 1 1 1 12 1 1 1 1 1 1 12 1 1 1 1 12 12 12 
12 12 12 12 12 12 12 12 12 12 12 1 1 0 1 1 1 1 1 1 1 1 1 1 1 12 1 1 1 0 1 1 12 12 12 12 12 12 12 12 
12 12 12 12 12 12 1 12 12 12 12 1 1 1 1 1 1 1 1 1 1 1 1 1 1 12 12 1 1 1 1 1 12 12 12 12 12 12 12 12 
12 12 12 12 12 12 12 12 12 12 12 1 1 1 1 1 1 1 12 1 1 1 1 1 1 12 1 1 1 1 1 1 12 12 12 12 12 12 12 12 
1 12 12 12 12 12 12 12 12 12 12 1 1 1 1 1 1 1 12 12 12 1 1 1 12 12 12 1 1 1 1 12 12 12 12 1 1 1 1 1 
1 1 1 1 1 1 1 12 12 12 1 1 1 1 1 1 1 1 1 12 12 12 12 12 12 12 12 1 1 1 1 12 12 12 1 1 1 1 1 1 
1 1 1 1 1 1 1 12 12 1 1 1 0 1 1 1 1 1 1 1 12 12 12 12 12 12 1 1 1 1 12 12 12 12 1 1 1 0 1 1 
1 1 1 1 1 1 1 12 12 1 1 16 16 16 16 16 16 16 16 16 16 16 16 16 16 16 16 16 16 16 60 60 60 60 16 16 16 16 16 1 
1 1 1 12 12 12 12 12 12 1 1 1 0 1 1 1 1 1 1 1 1 1 1 1 1 1 1 1 1 1 12 12 12 12 1 1 1 0 13 1 
1 1 1 1 12 12 12 12 12 12 1 1 0 1 1 1 1 1 1 1 1 1 1 1 1 1 1 1 1 1 12 12 12 12 13 13 13 0 1 1 
1 1 1 1 12 12 12 12 12 12 12 12 12 1 1 1 1 1 1 1 1 1 1 1 1 1 1 1 1 1 1 12 12 12 12 12 12 12 1 1 
1 1 1 1 1 1 12 12 12 12 12 12 12 1 1 1 1 1 1 1 1 1 1 1 1 1 1 1 1 1 1 1 12 12 12 12 12 12 1 1 
1 1 1 1 1 1 1 1 1 12 12 12 12 1 1 1 1 1 1 1 1 1 1 1 1 1 1 1 1 1 1 1 1 1 12 12 12 1 1 1 
