connections=[
		],
events={
	{
		exits:[FORTREE CITY (0.4),FORTREE CITY (0.4),		]},
	{
		NPCs:[
			{is_trainer:0,b1:10,b2:0,sprite:83},
			{is_trainer:0,b1:7,b2:0,sprite:20},
			{is_trainer:0,b1:2,b2:0,sprite:14},
			{is_trainer:0,b1:10,b2:0,sprite:9},
		]},
	{
		signs:[
		]},
	{
		triggers:[
		]},

},
[
	[1, 1, 1, 1, 1, 1, 1, 1, 1, 1, 1, ],
	[1, 1, 1, 1, 1, 1, 1, 1, 1, 1, 1, ],
	[12, 12, 1, 12, 12, 12, 12, 12, 12, 12, 12, ],
	[0, 12, 1, 12, 12, 12, 12, 12, 12, 12, 1, ],
	[1, 1, 1, 12, 12, 12, 1, 1, 12, 12, 1, ],
	[12, 12, 12, 12, 12, 12, 1, 1, 12, 12, 1, ],
	[12, 12, 12, 12, 12, 12, 1, 1, 12, 12, 1, ],
	[12, 12, 12, 0, 0, 12, 12, 12, 12, 12, 12, ],
]
