connections=[
		],
events={
	{
		exits:[GRANITE CAVE (24.8),GRANITE CAVE (24.8),GRANITE CAVE (24.8),GRANITE CAVE (24.8),GRANITE CAVE (24.8),		]},
	{
		NPCs:[
			{is_trainer:0,b1:1,b2:0,sprite:59},
			{is_trainer:0,b1:1,b2:0,sprite:59},
			{is_trainer:0,b1:1,b2:0,sprite:86},
			{is_trainer:0,b1:1,b2:0,sprite:86},
			{is_trainer:0,b1:1,b2:0,sprite:86},
			{is_trainer:0,b1:1,b2:0,sprite:86},
			{is_trainer:0,b1:1,b2:0,sprite:86},
			{is_trainer:0,b1:1,b2:0,sprite:86},
			{is_trainer:0,b1:1,b2:0,sprite:86},
		]},
	{
		signs:[
			{x:28,y:6},
			{x:15,y:11},
		]},
	{
		triggers:[
		]},

},
[
	[1, 1, 1, 1, 1, 1, 1, 1, 1, 12, 1, 1, 1, 1, 1, 1, 1, 1, 1, 1, 1, 1, 1, 1, 1, 1, 1, 1, 1, 1, 1, 1, ],
	[1, 12, 12, 12, 12, 12, 12, 12, 1, 12, 1, 12, 12, 12, 12, 12, 12, 12, 12, 12, 12, 12, 12, 12, 12, 13, 1, 1, 12, 12, 12, 1, ],
	[1, 12, 12, 12, 12, 12, 12, 12, 1, 1, 1, 12, 12, 12, 12, 12, 12, 12, 12, 12, 12, 12, 12, 12, 12, 13, 1, 1, 12, 12, 12, 1, ],
	[1, 12, 12, 12, 12, 12, 12, 12, 12, 12, 1, 12, 12, 12, 12, 12, 12, 12, 12, 12, 12, 12, 12, 12, 12, 12, 1, 1, 12, 12, 12, 1, ],
	[1, 12, 12, 12, 12, 12, 12, 12, 12, 12, 1, 12, 1, 1, 1, 1, 1, 1, 12, 12, 12, 12, 12, 12, 12, 12, 1, 1, 12, 12, 12, 1, ],
	[1, 12, 12, 12, 12, 12, 12, 12, 12, 12, 1, 1, 1, 1, 1, 1, 1, 1, 12, 12, 12, 12, 12, 12, 12, 13, 1, 1, 12, 12, 12, 1, ],
	[1, 12, 12, 12, 12, 12, 12, 12, 12, 12, 12, 12, 1, 1, 1, 1, 1, 1, 12, 12, 12, 12, 12, 12, 12, 1, 1, 1, 13, 12, 12, 1, ],
	[1, 1, 1, 1, 1, 1, 1, 1, 1, 1, 1, 1, 1, 1, 1, 1, 1, 1, 1, 1, 1, 1, 1, 1, 1, 1, 1, 1, 1, 1, 1, 13, ],
	[13, 13, 13, 13, 13, 13, 13, 13, 13, 13, 13, 13, 13, 13, 13, 13, 13, 13, 13, 13, 13, 13, 13, 13, 13, 13, 13, 13, 13, 13, 13, 13, ],
	[13, 13, 13, 13, 1, 13, 13, 13, 1, 1, 1, 1, 1, 1, 1, 1, 1, 1, 1, 1, 1, 1, 1, 1, 1, 1, 1, 1, 1, 1, 1, 13, ],
	[13, 13, 13, 13, 1, 1, 1, 1, 1, 1, 1, 1, 1, 1, 1, 1, 1, 1, 1, 1, 1, 1, 1, 1, 1, 1, 1, 1, 1, 1, 1, 1, ],
	[13, 13, 13, 1, 1, 1, 1, 1, 1, 1, 12, 12, 1, 12, 12, 13, 12, 12, 1, 1, 12, 12, 1, 1, 1, 1, 1, 1, 1, 1, 1, 1, ],
	[1, 1, 1, 1, 13, 1, 1, 12, 12, 12, 12, 12, 1, 12, 12, 12, 12, 12, 1, 12, 12, 12, 12, 12, 12, 12, 12, 12, 12, 12, 1, 1, ],
	[1, 1, 1, 1, 1, 1, 12, 12, 12, 12, 12, 12, 1, 1, 1, 12, 1, 1, 1, 12, 12, 12, 12, 12, 12, 12, 12, 12, 12, 12, 1, 1, ],
	[1, 1, 1, 12, 12, 12, 12, 12, 12, 12, 12, 12, 12, 12, 12, 12, 12, 12, 12, 12, 12, 12, 12, 12, 12, 12, 12, 12, 12, 12, 1, 1, ],
	[1, 1, 1, 12, 12, 12, 12, 12, 12, 12, 12, 12, 12, 12, 12, 12, 12, 12, 12, 12, 12, 12, 1, 1, 1, 1, 1, 1, 1, 1, 1, 1, ],
	[1, 1, 12, 12, 12, 12, 12, 12, 12, 12, 12, 12, 1, 1, 1, 1, 1, 1, 1, 1, 1, 1, 1, 12, 12, 12, 12, 12, 12, 1, 1, 1, ],
	[1, 1, 12, 12, 12, 12, 12, 1, 1, 1, 1, 1, 1, 12, 12, 12, 12, 12, 12, 12, 12, 12, 12, 12, 12, 12, 12, 12, 12, 1, 1, 1, ],
	[1, 1, 12, 12, 12, 12, 12, 1, 12, 12, 12, 12, 12, 12, 12, 12, 12, 12, 12, 12, 12, 12, 12, 12, 12, 12, 12, 12, 12, 1, 1, 1, ],
	[1, 1, 1, 1, 12, 1, 1, 1, 12, 12, 12, 12, 12, 12, 12, 12, 12, 12, 12, 1, 1, 1, 1, 1, 1, 12, 12, 12, 12, 1, 1, 1, ],
	[1, 1, 1, 12, 12, 12, 12, 12, 12, 12, 1, 1, 12, 12, 12, 12, 12, 12, 12, 1, 1, 1, 1, 1, 1, 12, 12, 12, 12, 1, 1, 1, ],
	[1, 1, 1, 12, 12, 12, 12, 12, 12, 12, 12, 1, 12, 12, 12, 1, 1, 1, 1, 1, 1, 1, 1, 1, 1, 1, 12, 12, 12, 1, 1, 1, ],
	[1, 1, 1, 1, 12, 12, 12, 12, 12, 12, 12, 12, 12, 12, 12, 1, 1, 1, 1, 1, 1, 1, 1, 1, 1, 1, 12, 12, 12, 1, 1, 1, ],
	[1, 1, 1, 1, 1, 1, 1, 1, 1, 1, 1, 1, 1, 1, 1, 1, 1, 1, 1, 1, 1, 1, 1, 1, 1, 1, 1, 1, 1, 1, 1, 1, ],
	[1, 1, 1, 1, 1, 1, 1, 1, 1, 1, 1, 1, 1, 1, 1, 1, 1, 1, 1, 1, 1, 1, 1, 1, 1, 1, 1, 1, 1, 1, 1, 1, ],
	[1, 1, 1, 1, 1, 1, 1, 1, 1, 1, 1, 1, 1, 1, 1, 1, 1, 1, 1, 1, 1, 1, 1, 1, 1, 1, 1, 1, 1, 1, 1, 1, ],
]
