connections=[
		],
events={
	{
		exits:[LAVARIDGE TOWN (0.12),LAVARIDGE TOWN (0.12),		]},
	{
		NPCs:[
			{is_trainer:0,b1:10,b2:0,sprite:83},
			{is_trainer:0,b1:8,b2:0,sprite:21},
			{is_trainer:0,b1:10,b2:0,sprite:30},
		]},
	{
		signs:[
		]},
	{
		triggers:[
		]},

},
[
	[1, 1, 1, 1, 1, 1, 1, 1, 1, 1, 1, ],
	[1, 1, 1, 1, 1, 1, 1, 1, 1, 1, 1, ],
	[12, 12, 1, 12, 12, 12, 12, 12, 12, 12, 12, ],
	[0, 12, 1, 12, 12, 12, 12, 12, 12, 12, 1, ],
	[1, 1, 1, 12, 12, 12, 1, 1, 12, 12, 1, ],
	[12, 12, 12, 12, 12, 12, 1, 1, 12, 12, 1, ],
	[12, 12, 12, 12, 12, 12, 1, 1, 12, 12, 1, ],
	[12, 12, 12, 0, 0, 12, 12, 12, 12, 12, 12, ],
]
