connections=[
		],
events={
	{
		exits:[LAVARIDGE TOWN (0.12),LAVARIDGE TOWN (0.12),LAVARIDGE TOWN (4.6),LAVARIDGE TOWN (0.12),		]},
	{
		NPCs:[
			{is_trainer:0,b1:8,b2:0,sprite:58},
			{is_trainer:0,b1:7,b2:0,sprite:35},
			{is_trainer:0,b1:9,b2:0,sprite:24},
			{is_trainer:0,b1:10,b2:0,sprite:48},
		]},
	{
		signs:[
		]},
	{
		triggers:[
		]},

},
[
	[1, 1, 1, 1, 1, 1, 1, 1, 1, 1, 1, 1, 1, 1, ],
	[1, 1, 0, 1, 1, 1, 1, 1, 1, 1, 1, 1, 1, 1, ],
	[12, 12, 12, 12, 1, 1, 1, 12, 1, 1, 12, 12, 12, 12, ],
	[12, 12, 12, 12, 1, 1, 1, 1, 1, 1, 12, 12, 12, 12, ],
	[12, 12, 12, 12, 12, 12, 12, 12, 12, 12, 12, 12, 12, 12, ],
	[12, 12, 12, 12, 12, 12, 12, 12, 12, 12, 12, 12, 12, 12, ],
	[13, 16, 0, 12, 12, 12, 12, 12, 12, 12, 12, 1, 1, 12, ],
	[12, 12, 12, 12, 12, 12, 12, 12, 12, 12, 12, 1, 1, 12, ],
	[1, 12, 12, 12, 12, 12, 12, 12, 12, 12, 12, 12, 12, 1, ],
]
