connections=[
		],
events={
	
		'exits':[{'name':'LILYCOVE CITY (0.5)','x':6,'y':13},{'name':'LILYCOVE CITY (0.5)','x':5,'y':13},		],
	
		'NPCs':[
			{'is_trainer':0,'b1':7,'b2':0,'sprite':'47','x':3,'y':11},
			{'is_trainer':0,'b1':9,'b2':0,'sprite':'65','x':8,'y':10},
			{'is_trainer':0,'b1':7,'b2':0,'sprite':'25','x':6,'y':11},
			{'is_trainer':0,'b1':8,'b2':0,'sprite':'12','x':5,'y':8},
			{'is_trainer':0,'b1':7,'b2':0,'sprite':'5','x':7,'y':11},
			{'is_trainer':0,'b1':8,'b2':0,'sprite':'9','x':1,'y':9},
			{'is_trainer':0,'b1':10,'b2':0,'sprite':'24','x':3,'y':10},
			{'is_trainer':0,'b1':9,'b2':0,'sprite':'22','x':10,'y':10},
			{'is_trainer':0,'b1':8,'b2':0,'sprite':'7','x':11,'y':5},
		],
	
		'signs':[
		],
	
		'triggers':[
		],

},
partial_map=[
	[1, 1, 1, 1, 1, 1, 1, 1, 1, 1, 1, 1, ],
	[1, 1, 1, 1, 1, 1, 1, 1, 1, 1, 1, 1, ],
	[12, 12, 12, 12, 12, 12, 12, 12, 12, 12, 12, 12, ],
	[12, 12, 12, 12, 1, 1, 1, 1, 12, 12, 12, 12, ],
	[12, 12, 12, 12, 1, 1, 1, 1, 12, 12, 12, 12, ],
	[12, 12, 12, 12, 12, 12, 12, 12, 12, 12, 12, 12, ],
	[12, 12, 12, 12, 12, 12, 12, 12, 12, 12, 12, 12, ],
	[1, 1, 1, 12, 12, 12, 12, 12, 12, 1, 1, 1, ],
	[1, 1, 1, 12, 12, 12, 12, 12, 12, 1, 1, 1, ],
	[12, 12, 12, 12, 1, 1, 1, 1, 12, 12, 12, 12, ],
	[12, 12, 12, 12, 1, 1, 1, 1, 12, 12, 12, 12, ],
	[12, 12, 12, 12, 12, 12, 12, 12, 12, 12, 12, 12, ],
	[12, 12, 12, 12, 12, 12, 12, 12, 12, 12, 12, 12, ],
	[12, 12, 12, 12, 12, 0, 0, 12, 12, 12, 12, 12, ],
]
