Connections;
Exits;LILYCOVE CITY (0.5);LILYCOVE CITY (0.5);LILYCOVE CITY (13.5);LILYCOVE CITY (13.5);
1 1 1 1 1 1 1 1 1 1 1 1 1 1 1 1 1 1 1 1 1 1 1 1 1 1 1 1 1 1 1 
1 1 1 1 1 1 1 1 13 0 1 1 1 1 1 1 1 1 1 1 13 0 1 1 1 1 1 1 1 1 1 
12 12 12 12 12 12 12 12 12 12 12 1 12 12 12 12 12 12 1 12 12 12 12 12 12 12 12 12 12 12 12 
12 12 12 12 12 12 12 12 12 12 12 1 1 1 1 1 1 1 1 12 12 12 12 12 12 12 12 12 12 12 12 
12 12 12 12 12 12 12 12 12 12 12 12 12 12 12 12 12 12 12 12 12 12 12 12 12 12 12 12 12 12 12 
12 12 12 12 12 12 12 12 12 12 12 12 12 12 12 12 12 12 12 12 12 12 12 1 12 12 12 1 12 12 12 
12 12 12 12 12 12 12 12 12 12 12 12 12 12 12 12 12 12 12 12 12 12 12 12 12 12 12 12 12 12 12 
12 12 12 12 12 12 12 12 12 12 12 12 12 12 12 12 12 12 12 12 12 12 12 12 12 12 12 12 12 12 12 
12 12 12 12 12 12 12 12 12 12 12 12 12 12 12 12 12 12 12 12 12 12 12 12 12 12 12 12 12 12 12 
12 12 12 12 12 12 12 12 12 12 12 12 12 12 12 12 12 12 12 12 12 12 12 1 12 12 12 1 12 12 12 
12 12 12 12 12 12 12 12 12 12 12 12 12 12 12 12 12 12 12 12 12 12 12 12 12 12 12 12 12 12 12 
12 12 12 12 12 12 12 12 12 12 12 12 12 12 0 0 12 12 12 12 12 12 12 12 12 12 12 12 12 12 12 
