connections=[
		],
events={
	{
		exits:[LILYCOVE CITY (13.0),		]},
	{
		NPCs:[
			{is_trainer:0,b1:9,b2:0,sprite:33},
			{is_trainer:0,b1:10,b2:0,sprite:46},
			{is_trainer:0,b1:10,b2:0,sprite:17},
			{is_trainer:0,b1:9,b2:0,sprite:65},
			{is_trainer:0,b1:8,b2:0,sprite:189},
			{is_trainer:0,b1:9,b2:0,sprite:20},
			{is_trainer:0,b1:10,b2:0,sprite:219},
		]},
	{
		signs:[
		]},
	{
		triggers:[
		]},

},
[
	[1, 1, 1, 1, 1, 1, 1, 1, 1, 1, 1, 1, ],
	[1, 1, 0, 1, 1, 1, 1, 1, 1, 1, 1, 1, ],
	[12, 12, 12, 12, 12, 12, 12, 12, 12, 12, 12, 12, ],
	[12, 12, 1, 1, 12, 12, 12, 12, 1, 1, 12, 12, ],
	[12, 12, 1, 1, 12, 12, 12, 12, 1, 1, 12, 12, ],
	[12, 12, 12, 12, 12, 12, 12, 12, 12, 12, 12, 12, ],
	[12, 12, 1, 1, 12, 12, 12, 12, 1, 1, 12, 12, ],
	[12, 12, 1, 1, 12, 12, 12, 12, 1, 1, 12, 12, ],
	[12, 12, 12, 12, 12, 12, 12, 12, 12, 12, 12, 12, ],
]
