connections=[
		],
events={
	
		'exits':[{'name':'LILYCOVE CITY (13.17)','x':13,'y':1},{'name':'LILYCOVE CITY (13.19)','x':16,'y':1},{'name':'LILYCOVE CITY (13.22)','x':2,'y':1},		],
	
		'NPCs':[
			{'is_trainer':0,'b1':2,'b2':0,'sprite':'51','x':0,'y':5},
			{'is_trainer':0,'b1':2,'b2':0,'sprite':'25','x':7,'y':7},
			{'is_trainer':0,'b1':2,'b2':0,'sprite':'34','x':13,'y':5},
			{'is_trainer':0,'b1':8,'b2':0,'sprite':'24','x':8,'y':2},
			{'is_trainer':0,'b1':8,'b2':0,'sprite':'24','x':10,'y':2},
		],
	
		'signs':[
		],
	
		'triggers':[
		],

},
partial_map=[
	[1, 1, 1, 1, 1, 1, 1, 1, 1, 1, 1, 13, 1, 1, 1, 1, 1, 1, ],
	[1, 1, 1, 1, 1, 1, 1, 1, 1, 1, 1, 13, 1, 0, 1, 1, 0, 1, ],
	[12, 12, 12, 12, 12, 12, 1, 12, 12, 12, 12, 1, 12, 12, 12, 12, 12, 12, ],
	[12, 12, 12, 12, 12, 12, 1, 1, 1, 1, 1, 1, 12, 12, 12, 12, 12, 12, ],
	[12, 12, 1, 1, 12, 12, 12, 12, 12, 12, 12, 12, 12, 12, 1, 1, 12, 12, ],
	[12, 12, 1, 1, 12, 12, 12, 12, 12, 12, 12, 12, 12, 12, 1, 1, 12, 12, ],
	[12, 12, 1, 1, 12, 12, 12, 12, 12, 12, 12, 12, 12, 12, 1, 1, 12, 12, ],
	[12, 12, 12, 12, 12, 12, 12, 12, 12, 12, 12, 12, 12, 12, 12, 12, 12, 12, ],
]
