connections=[
			{'left':'ROUTE 121 (0.36)'},
			{'right':'ROUTE 124 (0.39)'},
		],
events={
	
		'exits':[{'name':'LILYCOVE CITY (13.16)','x':27,'y':6},{'name':'LILYCOVE CITY (13.0)','x':37,'y':24},{'name':'LILYCOVE CITY (13.6)','x':24,'y':14},{'name':'LILYCOVE CITY (13.2)','x':11,'y':5},{'name':'LILYCOVE CITY (13.4)','x':23,'y':24},{'name':'LILYCOVE CITY (13.9)','x':39,'y':14},{'name':'AQUA HIDEOUT (24.23)','x':70,'y':5},{'name':'LILYCOVE CITY (13.11)','x':36,'y':6},{'name':'LILYCOVE CITY (13.12)','x':42,'y':6},{'name':'LILYCOVE CITY (13.13)','x':55,'y':15},{'name':'LILYCOVE CITY (13.14)','x':11,'y':22},{'name':'LILYCOVE CITY (13.15)','x':12,'y':14},{'name':'LILYCOVE CITY (13.10)','x':12,'y':32},{'name':'LILYCOVE CITY (13.2)','x':12,'y':5},		],
	
		'NPCs':[
			{'is_trainer':0,'b1':3,'b2':0,'sprite':'49','x':32,'y':20},
			{'is_trainer':0,'b1':2,'b2':0,'sprite':'8','x':15,'y':18},
			{'is_trainer':0,'b1':1,'b2':0,'sprite':'19','x':28,'y':28},
			{'is_trainer':0,'b1':2,'b2':0,'sprite':'15','x':21,'y':15},
			{'is_trainer':0,'b1':5,'b2':0,'sprite':'23','x':16,'y':9},
			{'is_trainer':0,'b1':2,'b2':0,'sprite':'20','x':35,'y':27},
			{'is_trainer':0,'b1':8,'b2':0,'sprite':'21','x':35,'y':37},
			{'is_trainer':0,'b1':8,'b2':0,'sprite':'22','x':34,'y':37},
			{'is_trainer':0,'b1':1,'b2':0,'sprite':'21','x':57,'y':17},
			{'is_trainer':0,'b1':10,'b2':0,'sprite':'117','x':73,'y':15},
			{'is_trainer':0,'b1':1,'b2':0,'sprite':'59','x':61,'y':36},
			{'is_trainer':0,'b1':5,'b2':0,'sprite':'117','x':43,'y':18},
			{'is_trainer':0,'b1':9,'b2':0,'sprite':'117','x':46,'y':12},
			{'is_trainer':0,'b1':10,'b2':0,'sprite':'117','x':45,'y':12},
			{'is_trainer':0,'b1':9,'b2':0,'sprite':'117','x':38,'y':9},
			{'is_trainer':0,'b1':2,'b2':0,'sprite':'48','x':50,'y':7},
			{'is_trainer':0,'b1':8,'b2':0,'sprite':'240','x':27,'y':7},
			{'is_trainer':0,'b1':10,'b2':0,'sprite':'38','x':16,'y':23},
			{'is_trainer':0,'b1':9,'b2':0,'sprite':'24','x':41,'y':25},
			{'is_trainer':0,'b1':10,'b2':0,'sprite':'23','x':40,'y':25},
			{'is_trainer':0,'b1':8,'b2':0,'sprite':'49','x':16,'y':34},
			{'is_trainer':0,'b1':7,'b2':0,'sprite':'17','x':16,'y':35},
		],
	
		'signs':[
			{'x':19,'y':7},
			{'x':25,'y':14},
			{'x':29,'y':7},
			{'x':26,'y':14},
			{'x':6,'y':15},
			{'x':29,'y':24},
			{'x':35,'y':24},
			{'x':6,'y':30},
			{'x':36,'y':14},
			{'x':34,'y':6},
			{'x':36,'y':31},
			{'x':61,'y':7},
			{'x':64,'y':31},
		],
	
		'triggers':[
		],

},
partial_map=[
	[1, 1, 1, 1, 1, 1, 1, 1, 20, 20, 20, 20, 20, 20, 20, 1, 1, 1, 1, 1, 1, 1, 1, 1, 1, 1, 1, 1, 1, 1, 1, 1, 1, 1, 13, 13, 1, 1, 1, 4, 4, 4, 4, 4, 4, 4, 4, 4, 4, 4, 4, 4, 4, 4, 4, 4, 4, 4, 4, 4, 4, 4, 4, 4, 4, 12, 1, 1, 1, 1, 0, 0, 1, 1, 1, 12, 12, 12, 12, 4, ],
	[1, 1, 1, 1, 12, 1, 20, 20, 20, 20, 20, 20, 20, 20, 20, 20, 20, 20, 1, 13, 13, 13, 13, 13, 1, 1, 1, 1, 1, 1, 1, 13, 13, 13, 1, 1, 1, 1, 1, 4, 4, 4, 4, 4, 4, 4, 4, 4, 4, 1, 1, 1, 1, 1, 1, 4, 4, 4, 4, 4, 4, 4, 4, 12, 12, 12, 1, 1, 1, 1, 0, 0, 1, 1, 1, 12, 12, 12, 12, 4, ],
	[1, 1, 12, 1, 1, 1, 20, 1, 1, 1, 1, 1, 1, 1, 1, 1, 1, 20, 1, 1, 1, 1, 1, 1, 1, 1, 1, 1, 1, 1, 1, 1, 1, 1, 13, 13, 20, 20, 20, 0, 0, 20, 20, 20, 20, 20, 20, 20, 20, 1, 1, 1, 1, 1, 1, 5, 5, 5, 4, 4, 4, 12, 12, 12, 12, 12, 1, 1, 1, 1, 0, 0, 1, 1, 1, 12, 12, 12, 12, 4, ],
	[1, 1, 12, 1, 1, 1, 20, 1, 1, 1, 1, 1, 1, 1, 1, 1, 1, 20, 1, 13, 13, 13, 13, 13, 1, 1, 1, 1, 1, 1, 1, 13, 13, 13, 1, 12, 12, 12, 12, 13, 13, 12, 12, 12, 12, 13, 13, 13, 13, 1, 1, 1, 1, 1, 1, 1, 1, 5, 4, 12, 12, 12, 12, 12, 12, 12, 12, 1, 1, 1, 1, 1, 1, 1, 1, 12, 12, 12, 12, 4, ],
	[1, 1, 1, 1, 1, 1, 20, 1, 1, 1, 1, 1, 1, 1, 1, 1, 1, 20, 1, 1, 1, 1, 1, 1, 1, 1, 1, 1, 1, 1, 1, 1, 1, 1, 20, 1, 1, 1, 1, 1, 1, 1, 1, 1, 1, 1, 1, 1, 1, 13, 13, 13, 13, 20, 20, 20, 13, 12, 12, 12, 12, 1, 12, 1, 1, 1, 12, 1, 1, 1, 1, 1, 1, 1, 1, 12, 12, 12, 4, 4, ],
	[1, 1, 1, 1, 1, 1, 20, 1, 1, 1, 1, 0, 0, 1, 1, 1, 1, 20, 1, 1, 1, 1, 1, 1, 1, 1, 1, 1, 1, 1, 1, 1, 1, 1, 13, 1, 1, 1, 1, 13, 13, 1, 1, 1, 1, 13, 13, 13, 13, 1, 1, 1, 1, 20, 20, 20, 1, 1, 12, 12, 1, 12, 1, 1, 1, 1, 1, 1, 1, 1, 4, 5, 1, 1, 1, 12, 12, 12, 4, 4, ],
	[12, 1, 1, 1, 12, 1, 20, 1, 1, 1, 1, 20, 20, 1, 1, 1, 1, 20, 1, 20, 20, 20, 20, 1, 1, 1, 1, 1, 1, 1, 1, 1, 20, 20, 1, 1, 1, 1, 1, 1, 1, 1, 1, 1, 1, 1, 1, 1, 1, 20, 20, 20, 20, 20, 20, 20, 1, 1, 1, 1, 12, 12, 12, 1, 1, 1, 1, 4, 4, 4, 4, 4, 4, 4, 1, 1, 1, 1, 4, 4, ],
	[12, 1, 1, 1, 12, 1, 1, 1, 1, 1, 1, 20, 20, 1, 1, 1, 1, 1, 1, 1, 20, 20, 20, 20, 20, 20, 20, 20, 20, 1, 20, 20, 20, 20, 20, 20, 20, 20, 20, 20, 20, 20, 20, 20, 20, 20, 20, 20, 20, 20, 20, 20, 20, 20, 20, 20, 1, 1, 1, 12, 12, 1, 12, 1, 1, 1, 1, 4, 4, 4, 4, 4, 4, 4, 1, 1, 1, 1, 1, 1, ],
	[0, 0, 1, 1, 1, 1, 1, 1, 20, 20, 1, 20, 20, 1, 20, 20, 20, 20, 20, 20, 20, 20, 20, 20, 20, 20, 20, 20, 20, 20, 20, 20, 20, 20, 20, 20, 20, 20, 20, 20, 20, 20, 20, 20, 20, 20, 20, 20, 20, 20, 20, 20, 20, 20, 20, 20, 1, 1, 1, 12, 12, 12, 12, 12, 12, 1, 4, 4, 4, 4, 4, 4, 4, 4, 4, 1, 1, 1, 1, 1, ],
	[1, 1, 1, 12, 12, 12, 20, 1, 20, 20, 20, 20, 20, 20, 20, 20, 20, 20, 20, 20, 20, 20, 20, 20, 20, 20, 20, 20, 20, 20, 20, 20, 20, 20, 20, 20, 20, 20, 20, 20, 20, 20, 20, 20, 20, 20, 20, 1, 1, 1, 1, 1, 1, 1, 1, 20, 1, 1, 1, 12, 12, 12, 12, 12, 4, 4, 4, 4, 4, 4, 4, 4, 4, 4, 1, 1, 1, 1, 4, 4, ],
	[1, 1, 1, 1, 1, 1, 1, 1, 20, 20, 20, 20, 20, 20, 20, 20, 20, 20, 20, 20, 20, 20, 20, 20, 20, 20, 20, 20, 20, 20, 20, 20, 20, 20, 1, 1, 1, 1, 1, 1, 1, 1, 1, 1, 1, 20, 20, 1, 12, 12, 12, 12, 12, 12, 1, 20, 1, 1, 1, 12, 12, 12, 4, 4, 4, 4, 4, 4, 4, 4, 4, 4, 4, 4, 1, 1, 1, 1, 4, 4, ],
	[1, 1, 1, 1, 1, 1, 1, 1, 1, 1, 1, 1, 1, 1, 1, 1, 1, 1, 1, 1, 1, 1, 1, 1, 1, 1, 1, 1, 1, 1, 1, 0, 0, 1, 1, 1, 1, 13, 13, 13, 13, 13, 1, 12, 1, 1, 1, 1, 1, 1, 1, 1, 1, 1, 1, 1, 1, 1, 12, 1, 12, 12, 4, 4, 4, 4, 4, 4, 4, 4, 4, 4, 4, 4, 1, 1, 1, 1, 4, 4, ],
	[1, 1, 1, 1, 1, 1, 1, 1, 1, 1, 1, 1, 1, 1, 1, 1, 1, 1, 1, 1, 1, 1, 1, 1, 1, 1, 1, 1, 1, 1, 1, 0, 0, 1, 1, 1, 12, 1, 1, 1, 1, 1, 1, 12, 12, 12, 12, 12, 12, 12, 12, 12, 12, 12, 12, 12, 12, 13, 1, 1, 12, 12, 4, 4, 4, 4, 4, 4, 4, 4, 4, 4, 4, 4, 4, 4, 4, 4, 4, 4, ],
	[1, 1, 1, 1, 1, 1, 1, 1, 12, 12, 12, 1, 1, 1, 1, 12, 12, 12, 12, 12, 12, 12, 12, 1, 1, 1, 1, 12, 12, 12, 1, 12, 12, 1, 12, 12, 12, 1, 1, 1, 1, 1, 1, 12, 12, 12, 12, 12, 12, 12, 12, 12, 12, 12, 1, 1, 1, 1, 1, 12, 1, 12, 4, 4, 4, 4, 4, 4, 4, 4, 4, 4, 4, 4, 4, 4, 4, 4, 4, 4, ],
	[1, 1, 1, 1, 1, 1, 1, 1, 1, 1, 1, 1, 1, 1, 1, 1, 1, 1, 1, 1, 1, 1, 1, 1, 1, 1, 1, 1, 1, 1, 1, 12, 12, 1, 1, 1, 1, 1, 1, 1, 1, 1, 1, 12, 12, 1, 1, 1, 1, 1, 12, 12, 12, 12, 1, 1, 1, 1, 1, 12, 1, 12, 12, 12, 4, 4, 4, 4, 4, 4, 4, 4, 4, 4, 4, 4, 4, 4, 4, 4, ],
	[12, 12, 12, 12, 12, 12, 1, 12, 12, 12, 12, 12, 12, 12, 12, 12, 12, 12, 12, 12, 12, 12, 12, 12, 12, 12, 12, 12, 12, 12, 12, 12, 12, 12, 12, 12, 12, 12, 12, 12, 12, 12, 1, 12, 12, 1, 12, 12, 12, 1, 12, 12, 12, 12, 1, 1, 1, 1, 1, 12, 1, 12, 12, 12, 12, 12, 12, 4, 4, 4, 4, 12, 12, 12, 4, 4, 4, 4, 4, 4, ],
	[12, 12, 12, 12, 12, 12, 12, 12, 12, 12, 12, 12, 12, 12, 12, 12, 12, 12, 12, 12, 12, 12, 12, 12, 12, 12, 12, 12, 12, 12, 12, 12, 12, 12, 12, 12, 12, 12, 12, 12, 12, 12, 1, 1, 1, 1, 1, 12, 12, 1, 12, 12, 12, 12, 12, 12, 12, 12, 1, 12, 1, 12, 12, 12, 12, 12, 12, 12, 12, 12, 12, 12, 12, 12, 4, 4, 4, 4, 4, 4, ],
	[12, 12, 12, 12, 12, 12, 12, 12, 12, 12, 12, 12, 12, 12, 12, 12, 12, 12, 12, 12, 12, 12, 12, 12, 12, 12, 12, 12, 12, 12, 12, 12, 12, 12, 12, 12, 12, 12, 12, 12, 12, 12, 12, 12, 12, 12, 1, 12, 12, 1, 1, 1, 1, 12, 12, 12, 12, 12, 1, 12, 1, 12, 12, 12, 12, 12, 12, 12, 12, 12, 12, 12, 12, 12, 4, 4, 4, 4, 4, 4, ],
	[1, 1, 1, 1, 12, 12, 12, 12, 12, 12, 12, 12, 12, 12, 12, 12, 12, 12, 12, 12, 12, 12, 12, 12, 12, 12, 12, 12, 12, 12, 12, 12, 12, 12, 12, 12, 12, 12, 12, 12, 12, 12, 12, 12, 12, 12, 1, 12, 12, 12, 12, 12, 1, 12, 12, 12, 12, 12, 1, 12, 1, 12, 12, 12, 12, 12, 12, 12, 12, 12, 12, 12, 12, 12, 4, 4, 4, 4, 1, 1, ],
	[1, 1, 1, 1, 12, 12, 12, 12, 13, 13, 1, 1, 1, 1, 13, 13, 13, 13, 13, 13, 1, 1, 1, 1, 1, 1, 1, 13, 13, 13, 12, 12, 12, 12, 12, 12, 12, 12, 12, 12, 12, 12, 12, 12, 12, 12, 1, 12, 12, 12, 12, 12, 1, 12, 12, 12, 12, 12, 1, 12, 1, 12, 12, 12, 12, 12, 12, 12, 12, 12, 12, 12, 12, 4, 4, 4, 1, 1, 1, 1, ],
	[1, 1, 1, 1, 1, 1, 1, 1, 12, 12, 1, 1, 1, 1, 12, 12, 12, 12, 12, 12, 1, 1, 1, 1, 1, 1, 1, 12, 12, 12, 12, 12, 12, 12, 12, 12, 12, 12, 12, 12, 12, 12, 12, 12, 12, 12, 1, 1, 1, 1, 1, 1, 1, 1, 1, 12, 12, 1, 1, 1, 1, 12, 12, 12, 12, 12, 12, 12, 12, 12, 12, 12, 12, 4, 4, 4, 1, 1, 4, 4, ],
	[1, 1, 1, 1, 1, 1, 1, 1, 12, 12, 1, 1, 1, 1, 12, 12, 12, 12, 1, 1, 1, 1, 1, 1, 1, 1, 1, 1, 1, 12, 12, 12, 12, 12, 12, 12, 13, 1, 1, 1, 1, 13, 12, 12, 12, 12, 12, 12, 12, 12, 12, 12, 1, 1, 1, 12, 12, 1, 1, 1, 12, 12, 12, 12, 12, 12, 12, 12, 12, 12, 12, 4, 4, 4, 4, 4, 1, 1, 4, 4, ],
	[1, 1, 1, 1, 1, 1, 1, 12, 12, 12, 1, 1, 1, 1, 12, 12, 12, 12, 1, 1, 1, 1, 1, 1, 1, 1, 1, 1, 1, 12, 12, 12, 12, 12, 12, 12, 1, 1, 1, 1, 1, 1, 12, 12, 12, 12, 12, 12, 12, 12, 12, 12, 1, 12, 12, 12, 12, 12, 12, 12, 12, 12, 12, 12, 12, 12, 12, 12, 12, 12, 4, 4, 4, 4, 4, 4, 1, 1, 4, 4, ],
	[4, 4, 1, 1, 1, 1, 1, 12, 12, 12, 12, 12, 12, 12, 12, 12, 12, 12, 1, 1, 1, 1, 1, 1, 1, 1, 1, 1, 1, 12, 12, 12, 12, 12, 12, 12, 1, 1, 1, 1, 1, 1, 12, 12, 12, 12, 12, 12, 12, 12, 12, 12, 1, 12, 12, 12, 12, 12, 12, 12, 12, 12, 12, 12, 12, 12, 12, 12, 12, 4, 4, 4, 4, 4, 4, 1, 1, 4, 4, 4, ],
	[4, 4, 1, 1, 1, 1, 1, 12, 12, 12, 12, 12, 12, 12, 12, 12, 12, 12, 1, 1, 1, 1, 1, 1, 1, 1, 1, 1, 1, 1, 12, 12, 12, 12, 12, 1, 1, 1, 1, 1, 1, 1, 12, 12, 12, 12, 12, 12, 12, 1, 1, 1, 1, 12, 12, 12, 12, 12, 12, 12, 12, 12, 12, 12, 12, 12, 12, 12, 12, 4, 4, 4, 4, 4, 4, 1, 1, 4, 4, 4, ],
	[4, 4, 1, 1, 1, 1, 1, 12, 12, 12, 12, 12, 12, 12, 12, 12, 12, 12, 12, 12, 12, 12, 12, 12, 12, 12, 12, 12, 12, 12, 12, 12, 12, 12, 12, 12, 12, 12, 12, 12, 12, 12, 12, 12, 12, 12, 12, 12, 12, 1, 12, 12, 12, 12, 12, 12, 12, 12, 12, 12, 12, 12, 12, 12, 12, 12, 12, 12, 12, 4, 4, 4, 4, 4, 1, 1, 4, 4, 4, 4, ],
	[4, 4, 1, 1, 1, 1, 1, 12, 12, 12, 12, 12, 12, 12, 12, 12, 12, 12, 12, 12, 12, 12, 12, 12, 12, 12, 12, 12, 12, 12, 12, 12, 12, 12, 12, 12, 12, 12, 12, 12, 12, 12, 12, 12, 12, 12, 12, 12, 12, 1, 12, 12, 12, 12, 12, 12, 12, 12, 12, 12, 12, 12, 12, 12, 12, 12, 12, 12, 1, 4, 4, 4, 4, 4, 1, 1, 4, 4, 4, 4, ],
	[4, 4, 1, 1, 1, 1, 1, 12, 12, 12, 12, 12, 12, 12, 12, 12, 12, 12, 12, 12, 12, 12, 12, 12, 12, 12, 12, 12, 12, 12, 12, 12, 12, 12, 12, 12, 12, 12, 12, 12, 12, 12, 12, 12, 1, 1, 1, 1, 1, 1, 12, 12, 12, 12, 12, 12, 12, 12, 12, 12, 12, 12, 12, 12, 12, 12, 12, 12, 4, 4, 4, 4, 4, 4, 4, 1, 1, 4, 4, 4, ],
	[4, 4, 1, 1, 1, 1, 1, 12, 12, 13, 13, 13, 13, 13, 13, 13, 1, 1, 1, 1, 1, 1, 1, 1, 1, 1, 12, 12, 12, 12, 12, 12, 12, 12, 12, 12, 12, 12, 12, 12, 1, 1, 1, 1, 1, 12, 13, 12, 12, 12, 12, 12, 12, 12, 12, 12, 12, 12, 12, 12, 12, 12, 12, 12, 12, 12, 12, 4, 4, 4, 4, 4, 4, 4, 4, 1, 1, 4, 4, 4, ],
	[4, 4, 1, 1, 1, 1, 1, 12, 12, 13, 13, 13, 13, 13, 13, 13, 1, 1, 1, 1, 4, 4, 4, 4, 4, 1, 1, 1, 12, 12, 12, 12, 12, 12, 1, 1, 1, 1, 1, 1, 1, 12, 12, 12, 12, 12, 12, 12, 12, 12, 12, 12, 12, 12, 12, 12, 12, 12, 12, 12, 12, 12, 12, 12, 12, 4, 4, 4, 4, 4, 4, 4, 4, 5, 1, 1, 4, 4, 4, 4, ],
	[4, 4, 1, 1, 1, 1, 13, 12, 12, 1, 1, 1, 1, 1, 1, 1, 1, 1, 1, 1, 4, 4, 4, 4, 4, 4, 4, 1, 12, 12, 12, 12, 12, 12, 1, 12, 12, 12, 12, 12, 12, 12, 12, 12, 12, 12, 12, 12, 12, 12, 12, 12, 12, 12, 12, 12, 12, 12, 12, 12, 12, 12, 12, 12, 12, 4, 4, 4, 4, 4, 4, 4, 4, 1, 0, 5, 4, 4, 4, 4, ],
	[4, 4, 4, 1, 1, 1, 12, 12, 12, 1, 1, 1, 1, 1, 1, 1, 1, 1, 1, 1, 4, 4, 4, 4, 4, 4, 4, 1, 12, 12, 12, 12, 12, 12, 1, 12, 13, 12, 12, 12, 12, 12, 12, 12, 12, 12, 12, 12, 12, 12, 12, 12, 12, 12, 12, 12, 12, 12, 12, 12, 12, 12, 12, 12, 1, 4, 4, 4, 4, 4, 4, 4, 4, 1, 0, 5, 4, 4, 4, 4, ],
	[4, 4, 4, 1, 12, 12, 12, 12, 12, 1, 1, 1, 0, 1, 1, 1, 12, 12, 1, 4, 4, 4, 4, 4, 4, 4, 4, 1, 12, 12, 0, 0, 0, 0, 1, 12, 12, 12, 12, 12, 12, 12, 12, 12, 12, 12, 12, 12, 12, 12, 12, 12, 12, 12, 12, 12, 12, 12, 12, 12, 12, 12, 12, 12, 12, 4, 4, 4, 4, 4, 4, 4, 4, 1, 1, 5, 4, 4, 4, 4, ],
	[4, 4, 4, 1, 12, 12, 12, 12, 12, 12, 12, 12, 12, 12, 12, 12, 12, 12, 1, 4, 4, 4, 4, 4, 4, 4, 4, 1, 1, 1, 20, 20, 20, 20, 20, 20, 1, 12, 12, 12, 12, 12, 12, 12, 13, 12, 12, 12, 12, 12, 12, 12, 12, 12, 12, 12, 12, 12, 12, 12, 12, 12, 12, 12, 12, 4, 4, 4, 4, 4, 4, 4, 1, 1, 4, 4, 4, 4, 4, 4, ],
	[4, 4, 4, 1, 12, 12, 12, 12, 12, 12, 12, 12, 12, 12, 12, 12, 12, 12, 1, 4, 4, 4, 4, 4, 4, 4, 4, 4, 4, 1, 20, 20, 20, 20, 20, 20, 20, 20, 20, 20, 20, 1, 12, 12, 12, 12, 12, 12, 12, 12, 12, 12, 12, 12, 12, 12, 1, 12, 1, 20, 20, 1, 20, 20, 1, 4, 4, 4, 4, 4, 4, 4, 1, 1, 4, 4, 4, 4, 4, 4, ],
	[4, 4, 4, 1, 1, 1, 12, 12, 12, 12, 12, 12, 12, 12, 12, 12, 12, 12, 1, 4, 4, 4, 4, 4, 4, 4, 4, 4, 4, 1, 1, 20, 20, 20, 20, 20, 20, 20, 20, 20, 20, 20, 20, 20, 20, 20, 20, 1, 12, 12, 12, 12, 12, 12, 12, 12, 12, 12, 1, 20, 20, 20, 20, 20, 1, 4, 4, 1, 1, 4, 4, 1, 1, 4, 4, 4, 4, 4, 4, 4, ],
	[4, 4, 4, 4, 4, 1, 1, 1, 1, 12, 12, 12, 12, 12, 1, 1, 1, 1, 1, 4, 4, 4, 4, 4, 4, 4, 4, 4, 4, 4, 1, 20, 20, 20, 20, 20, 20, 20, 20, 20, 20, 20, 20, 20, 20, 20, 20, 20, 20, 20, 20, 20, 20, 20, 20, 20, 20, 20, 20, 20, 20, 20, 20, 20, 1, 5, 1, 1, 1, 1, 1, 1, 1, 4, 4, 4, 4, 4, 4, 4, ],
	[4, 4, 4, 4, 4, 4, 4, 4, 1, 1, 1, 1, 1, 1, 1, 4, 4, 4, 4, 4, 4, 4, 4, 4, 4, 4, 4, 4, 4, 4, 1, 1, 1, 1, 20, 20, 20, 20, 20, 20, 20, 20, 20, 20, 20, 20, 20, 20, 20, 20, 20, 20, 1, 1, 1, 1, 1, 1, 1, 20, 20, 20, 20, 20, 1, 5, 1, 4, 4, 1, 1, 4, 4, 4, 4, 4, 4, 4, 4, 4, ],
	[4, 4, 4, 4, 4, 4, 4, 4, 4, 4, 4, 4, 4, 4, 4, 4, 4, 4, 4, 4, 4, 4, 4, 4, 4, 4, 4, 4, 4, 4, 4, 4, 4, 1, 1, 1, 1, 1, 1, 1, 1, 1, 1, 1, 1, 1, 1, 1, 1, 1, 1, 1, 1, 4, 4, 4, 4, 4, 5, 1, 1, 1, 1, 1, 1, 4, 4, 4, 4, 4, 4, 4, 4, 4, 4, 4, 4, 4, 4, 4, ],
	[4, 4, 4, 4, 4, 4, 4, 4, 4, 4, 4, 4, 4, 4, 4, 4, 4, 4, 4, 4, 4, 4, 4, 4, 4, 4, 4, 4, 4, 4, 4, 4, 4, 4, 4, 4, 4, 4, 4, 4, 4, 4, 4, 4, 4, 4, 4, 4, 4, 4, 4, 4, 4, 4, 4, 4, 4, 4, 4, 4, 4, 4, 4, 4, 4, 4, 4, 4, 4, 4, 4, 4, 4, 4, 4, 4, 4, 4, 4, 4, ],
]
