Connections;
Exits;LILYCOVE CITY (13.4);LILYCOVE CITY (13.4);LILYCOVE CITY (13.4);LILYCOVE CITY (13.4);
1 1 1 1 1 1 1 1 1 1 1 1 1 1 1 1 1 1 1 1 1 1 1 1 1 1 1 1 1 1 1 1 1 1 1 1 1 1 1 1 1 12 12 12 12 12 12 12 12 12 12 
1 1 1 1 1 1 1 1 1 1 1 1 1 1 1 1 1 1 1 1 1 1 1 1 1 1 1 1 1 1 1 1 1 1 1 1 1 1 1 1 1 12 12 12 12 12 12 12 12 12 12 
1 1 1 1 1 1 1 1 1 1 1 1 1 1 1 1 1 1 1 1 1 1 1 1 1 1 1 1 1 1 1 1 1 1 1 1 1 1 1 1 1 1 1 1 1 1 12 12 12 12 12 
1 1 1 1 1 1 1 1 1 1 1 1 1 1 1 1 1 1 1 1 1 1 1 1 1 1 1 1 1 1 1 1 1 1 1 1 1 1 1 1 1 1 1 1 1 1 12 12 12 12 12 
1 1 1 1 1 1 1 1 1 1 12 12 12 12 12 12 12 12 12 12 12 12 12 12 12 12 12 12 12 12 12 12 12 12 12 12 12 12 12 12 12 1 1 1 1 1 1 1 1 1 1 
1 1 1 1 1 1 1 1 1 1 12 12 12 12 12 12 12 12 12 12 12 12 12 12 12 12 12 12 12 12 12 12 12 12 12 12 12 12 12 12 12 1 1 1 1 1 1 1 1 1 1 
1 1 1 1 1 12 12 12 12 12 12 12 12 12 12 12 12 12 12 12 12 12 12 12 12 12 12 12 12 12 12 12 12 12 12 12 12 12 12 12 12 12 12 12 12 12 1 1 1 1 1 
1 1 1 1 1 12 12 12 12 12 12 12 12 12 12 12 12 12 1 1 1 1 1 1 1 1 1 1 1 1 1 1 1 12 12 12 12 12 12 12 12 12 12 12 12 12 1 1 1 1 1 
12 12 12 12 12 12 12 12 12 12 12 12 12 12 12 12 12 12 1 12 12 12 12 12 12 12 12 12 12 12 12 12 1 12 12 12 12 12 12 12 12 12 12 12 12 12 12 12 12 12 12 
12 12 12 12 12 12 12 12 1 12 12 12 12 12 12 12 12 12 1 12 12 1 1 1 1 1 1 1 1 1 12 12 1 12 12 12 12 12 12 12 12 12 1 12 12 12 12 12 12 12 12 
12 12 12 12 12 12 12 12 12 12 12 12 12 12 12 12 12 12 1 12 12 1 12 12 12 12 12 12 12 1 12 12 1 12 12 12 12 12 12 12 12 12 12 12 12 12 12 12 12 12 12 
12 12 1 12 12 1 12 12 12 12 12 12 12 12 12 12 12 12 1 12 12 1 12 12 12 12 0 16 0 1 12 12 1 12 12 12 12 12 12 12 12 12 12 12 12 1 12 12 1 12 12 
12 12 12 12 12 12 12 12 12 12 12 12 12 12 12 12 12 12 1 12 12 1 12 12 12 12 12 0 12 1 12 12 1 12 12 12 12 12 12 12 12 12 12 12 12 12 12 12 12 12 12 
12 12 12 12 12 12 12 12 12 12 12 12 12 12 12 12 12 12 1 12 12 1 12 12 12 12 12 12 12 1 12 12 1 12 12 12 12 12 12 12 12 12 12 12 12 12 12 12 12 12 12 
12 12 12 12 12 12 12 12 12 12 12 12 12 12 12 12 12 12 1 12 12 1 1 1 12 12 12 1 1 1 12 12 1 12 12 12 12 12 12 12 12 12 12 12 12 12 12 12 12 12 12 
12 12 12 12 12 12 12 12 12 12 12 12 12 12 12 12 12 12 1 12 12 12 12 12 12 12 12 12 12 12 12 12 1 12 12 12 12 12 12 12 12 12 12 12 12 12 12 12 12 12 12 
12 12 12 12 12 12 12 12 12 12 12 12 12 12 12 12 12 12 1 1 1 1 1 1 12 12 12 1 1 1 1 1 1 12 12 12 12 12 12 12 12 12 12 12 12 12 12 12 12 12 12 
12 12 12 12 12 12 12 12 12 12 12 12 12 12 12 12 12 12 12 12 12 12 12 12 12 12 12 12 12 12 12 12 12 12 12 12 12 12 12 12 12 12 12 12 12 12 12 12 12 12 12 
12 12 12 12 12 12 12 12 12 12 12 12 12 12 12 12 12 12 12 12 12 12 12 12 12 12 12 12 12 12 12 12 12 12 12 12 12 12 12 12 12 12 12 12 12 12 12 12 12 12 12 
12 12 12 12 12 12 1 1 1 1 1 1 1 1 1 1 1 1 1 1 1 12 12 12 12 12 12 12 12 12 1 1 1 1 1 1 1 1 1 1 1 1 1 1 1 12 12 12 12 12 12 
12 12 12 12 12 12 1 12 12 12 12 12 12 12 12 12 12 12 12 12 1 12 12 12 12 12 12 12 12 12 1 12 12 12 12 12 12 12 12 12 12 12 12 12 1 12 12 12 12 12 12 
12 12 12 12 12 12 1 12 12 1 1 1 1 1 1 1 1 1 12 12 1 12 12 12 12 12 12 12 12 12 1 12 12 1 1 1 1 1 1 1 1 1 12 12 1 12 12 12 12 12 12 
12 12 12 12 12 12 1 12 12 1 12 12 12 12 12 12 12 1 12 12 1 12 12 12 12 12 12 12 12 12 1 12 12 1 12 12 12 12 12 12 12 1 12 12 1 12 12 12 12 12 12 
12 12 12 12 12 12 1 12 12 1 12 12 12 12 0 16 0 1 12 12 1 12 12 12 12 12 12 12 12 12 1 12 12 1 12 12 12 12 0 16 0 1 12 12 1 12 12 12 12 12 12 
12 12 12 12 12 12 1 12 12 1 12 12 12 12 12 0 12 1 12 12 1 12 12 12 12 12 12 12 12 12 1 12 12 1 12 12 12 12 12 0 12 1 12 12 1 12 12 12 12 12 12 
12 12 12 12 12 12 1 12 12 1 12 12 12 12 12 12 12 1 12 12 1 12 12 12 12 12 12 12 12 12 1 12 12 1 12 12 12 12 12 12 12 1 12 12 1 12 12 12 12 12 12 
12 12 12 12 12 12 1 12 12 1 1 1 12 12 12 1 1 1 12 12 1 12 12 12 12 12 12 12 12 12 1 12 12 1 1 1 12 12 12 1 1 1 12 12 1 12 12 12 12 12 12 
12 12 12 12 12 12 1 12 12 12 12 12 12 12 12 12 12 12 12 12 1 12 12 12 12 12 12 12 12 12 1 12 12 12 12 12 12 12 12 12 12 12 12 12 1 12 12 12 12 12 12 
12 12 12 12 12 12 1 1 1 1 1 1 12 12 12 1 1 1 1 1 1 12 12 12 12 12 12 12 12 12 1 1 1 1 1 1 12 12 12 1 1 1 1 1 1 12 12 12 12 12 12 
12 12 12 12 12 12 12 12 12 12 12 12 12 12 12 12 12 12 12 12 12 12 12 12 12 12 12 12 12 12 12 12 12 12 12 12 12 12 12 12 12 12 12 12 12 12 12 12 12 12 12 
12 12 12 12 12 12 12 12 12 12 12 12 12 12 12 12 12 12 12 12 12 12 12 12 12 12 12 12 12 12 12 12 12 12 12 12 12 12 12 12 12 12 12 12 12 12 12 12 12 12 12 
12 12 12 12 12 12 12 12 12 12 12 12 12 12 12 12 12 12 12 12 12 12 12 12 12 12 12 12 12 12 12 12 12 12 12 12 12 12 12 12 12 12 12 12 12 12 12 12 12 12 12 
12 12 12 1 12 12 12 1 12 12 12 1 12 12 12 12 12 12 12 0 0 12 12 12 12 12 12 12 12 12 0 0 12 12 12 12 12 12 12 1 12 12 12 1 12 12 12 1 12 12 12 
