connections=[
		],
events={
	
		'exits':[{'name':'MAUVILLE CITY (0.2)','x':3,'y':7},{'name':'MAUVILLE CITY (0.2)','x':4,'y':7},		],
	
		'NPCs':[
			{'is_trainer':0,'b1':10,'b2':0,'sprite':'46','x':4,'y':4},
		],
	
		'signs':[
		],
	
		'triggers':[
		],

},
partial_map=[
	[1, 1, 1, 1, 1, 1, 1, 1, 1, 1, 1, ],
	[1, 1, 1, 1, 1, 1, 1, 1, 1, 1, 1, ],
	[12, 12, 12, 12, 12, 12, 12, 12, 12, 12, 12, ],
	[12, 12, 12, 12, 12, 12, 12, 12, 12, 12, 12, ],
	[12, 12, 12, 12, 12, 1, 1, 12, 12, 12, 12, ],
	[12, 12, 12, 12, 12, 1, 1, 12, 12, 12, 12, ],
	[12, 12, 12, 12, 12, 12, 12, 12, 12, 12, 12, ],
	[1, 12, 12, 0, 0, 12, 12, 12, 12, 12, 1, ],
]
