connections=[
		],
events={
	{
		exits:[MAUVILLE CITY (0.2),MAUVILLE CITY (0.2),MAUVILLE CITY (10.6),		]},
	{
		NPCs:[
			{is_trainer:0,b1:8,b2:0,sprite:58},
			{is_trainer:0,b1:9,b2:0,sprite:240},
			{is_trainer:0,b1:1,b2:0,sprite:16},
			{is_trainer:0,b1:3,b2:0,sprite:34},
			{is_trainer:0,b1:1,b2:0,sprite:35},
		]},
	{
		signs:[
		]},
	{
		triggers:[
		]},

},
[
	[1, 1, 1, 1, 1, 1, 1, 1, 1, 1, 1, 1, 1, 1, ],
	[1, 1, 1, 1, 1, 1, 1, 1, 1, 1, 1, 1, 1, 1, ],
	[12, 12, 12, 12, 1, 1, 1, 12, 1, 1, 12, 12, 12, 12, ],
	[12, 12, 12, 12, 1, 1, 1, 1, 1, 1, 12, 12, 12, 12, ],
	[12, 12, 12, 12, 12, 12, 12, 12, 12, 12, 12, 12, 12, 12, ],
	[12, 12, 12, 12, 12, 12, 12, 12, 12, 12, 12, 12, 12, 12, ],
	[13, 16, 0, 12, 12, 12, 12, 12, 12, 12, 12, 1, 1, 12, ],
	[12, 12, 12, 12, 12, 12, 12, 12, 12, 12, 12, 1, 1, 12, ],
	[1, 12, 12, 12, 12, 12, 12, 12, 12, 12, 12, 12, 12, 13, ],
]
