connections=[
		],
events={
	
		'exits':[{'name':'MAUVILLE CITY (0.2)','x':3,'y':8},{'name':'MAUVILLE CITY (0.2)','x':4,'y':8},		],
	
		'NPCs':[
			{'is_trainer':0,'b1':9,'b2':0,'sprite':'24','x':4,'y':5},
		],
	
		'signs':[
		],
	
		'triggers':[
		],

},
partial_map=[
	[1, 1, 1, 1, 1, 1, 1, 1, 1, 1, ],
	[1, 1, 1, 1, 1, 1, 1, 1, 12, 12, ],
	[12, 12, 12, 12, 12, 12, 12, 12, 1, 1, ],
	[12, 12, 12, 12, 12, 12, 12, 12, 12, 12, ],
	[12, 0, 13, 13, 12, 12, 12, 12, 12, 12, ],
	[12, 0, 13, 13, 12, 12, 12, 12, 12, 12, ],
	[12, 12, 12, 12, 12, 12, 12, 12, 12, 12, ],
	[12, 12, 12, 12, 12, 12, 12, 12, 12, 12, ],
	[12, 12, 12, 0, 0, 12, 12, 12, 12, 13, ],
]
