Connections;
Exits;METEOR FALLS (24.0);
1 1 1 1 1 1 1 1 1 1 1 1 1 1 1 1 1 1 1 1 1 1 1 1 1 1 1 1 1 1 
1 1 1 1 1 1 1 1 1 1 1 1 1 1 1 1 1 1 1 1 1 1 1 1 1 1 1 1 1 1 
1 1 1 1 1 1 1 1 1 1 1 1 1 1 1 1 1 1 1 1 1 1 1 1 1 13 13 13 1 1 
1 1 1 13 1 1 1 1 1 1 1 1 1 1 1 1 1 1 1 12 1 1 1 1 1 1 1 1 1 1 
1 1 1 13 1 1 1 1 1 1 1 1 1 1 1 1 1 1 1 12 1 1 1 1 1 1 1 1 1 1 
1 1 1 13 1 1 1 1 1 1 1 1 1 1 1 1 1 1 1 12 1 1 1 1 1 1 1 1 1 13 
1 1 1 13 1 1 1 1 1 1 1 1 1 1 1 1 1 1 1 12 1 1 1 1 1 1 1 1 1 13 
1 1 1 13 1 1 1 1 1 1 12 12 12 1 12 12 12 12 12 12 1 1 1 1 1 1 1 1 1 13 
1 1 1 13 1 1 1 1 1 1 1 12 12 1 12 12 1 12 12 12 12 12 12 12 12 12 1 1 1 13 
1 1 1 13 1 1 1 1 1 1 12 12 12 12 1 12 12 12 1 1 1 1 1 1 1 1 1 1 1 13 
1 1 1 13 1 1 1 1 1 1 12 12 1 12 12 12 12 1 1 1 1 1 1 1 1 1 1 1 1 13 
1 1 1 1 1 1 1 1 1 1 12 12 12 12 12 12 12 1 1 1 1 1 1 1 1 1 1 1 1 13 
1 1 1 1 1 1 1 1 1 1 1 1 1 1 1 12 12 1 1 1 1 1 1 1 1 1 1 1 1 13 
1 1 1 1 1 1 1 1 1 1 1 1 1 1 1 1 12 1 1 1 1 1 1 1 1 1 1 1 1 1 
1 1 1 1 1 1 1 1 1 1 1 1 1 1 1 1 12 12 12 1 1 1 1 1 1 1 1 1 13 1 
1 1 1 1 1 1 1 1 1 1 1 13 1 1 1 1 1 12 12 1 1 1 1 12 1 1 1 1 13 1 
1 1 1 1 1 1 1 1 1 1 1 13 1 1 1 13 1 12 12 1 1 1 1 12 1 1 1 1 13 1 
1 1 1 12 12 12 12 1 1 1 1 1 1 1 1 13 1 12 12 1 1 1 1 12 1 1 1 1 13 1 
1 1 1 12 12 12 12 1 1 1 13 1 1 1 1 13 1 12 12 1 1 1 1 12 1 1 1 1 13 1 
1 1 1 12 1 1 12 1 1 1 13 1 1 1 1 1 1 12 1 12 12 12 12 12 1 1 1 1 13 1 
1 1 1 12 1 12 12 1 1 1 1 1 1 1 1 1 12 12 12 1 1 12 12 12 1 1 1 1 13 1 
1 1 1 1 12 12 12 1 1 1 13 1 1 1 12 12 12 12 12 1 12 12 1 1 1 1 1 1 13 1 
1 1 1 1 1 1 12 1 1 1 1 1 1 1 12 12 12 12 1 12 12 1 1 13 1 1 1 1 13 1 
1 13 1 1 1 1 12 1 1 1 1 1 1 1 12 12 12 12 12 12 1 1 1 13 1 1 1 1 1 1 
1 13 1 1 1 1 12 1 1 1 1 1 1 1 12 12 12 1 1 1 1 1 1 13 1 1 1 1 1 1 
1 13 1 1 1 1 12 12 12 12 12 12 12 12 12 1 12 1 13 13 1 1 1 13 1 1 1 1 1 1 
1 13 1 1 1 1 1 12 12 12 12 1 12 12 1 1 12 1 13 1 1 13 13 13 1 1 1 1 1 1 
1 13 1 1 1 13 1 1 1 12 12 12 12 12 12 12 12 1 1 1 1 1 1 1 1 1 1 1 1 1 
1 13 1 1 1 1 1 1 1 12 12 12 1 12 1 1 1 1 1 1 1 1 13 1 1 1 1 1 1 1 
1 13 1 1 1 1 1 1 1 12 12 12 12 12 1 1 1 1 1 1 1 1 13 1 13 13 1 1 1 1 
1 13 1 1 1 1 1 1 1 1 1 1 1 1 1 1 13 13 13 1 1 1 13 1 1 1 1 1 1 1 
1 1 1 1 1 1 1 1 1 1 1 1 1 1 1 1 1 1 1 1 1 1 1 1 1 1 1 1 1 1 
