Connections;
Exits;MIRAGE TOWER (24.95);MIRAGE TOWER (24.97);
1 1 1 1 1 1 1 1 1 1 1 1 1 1 1 1 1 1 1 1 1 
1 1 1 1 1 1 1 1 1 1 1 1 1 1 1 1 1 1 1 1 1 
1 1 1 1 12 12 12 12 12 12 12 12 12 12 12 12 12 1 1 1 1 
1 1 1 1 12 12 12 12 12 12 12 12 12 12 12 12 12 1 1 1 1 
1 1 12 12 12 12 12 1 1 1 1 1 1 1 12 12 12 12 12 1 1 
1 1 12 12 12 12 1 1 12 12 12 12 12 1 1 12 12 1 1 1 1 
1 1 12 12 1 1 1 12 12 12 12 12 12 12 1 1 1 12 12 1 1 
1 1 12 12 12 1 1 12 12 12 12 12 12 12 1 1 12 12 12 1 1 
1 1 1 12 12 1 1 12 12 12 12 12 12 12 1 1 12 12 12 1 1 
1 1 12 12 12 1 1 12 12 12 12 12 12 12 1 1 12 12 12 1 1 
1 1 12 12 12 1 1 1 12 12 12 12 12 1 1 1 12 12 12 1 1 
1 1 12 12 12 1 1 1 1 1 1 1 1 1 1 1 12 12 12 1 1 
1 1 12 12 12 12 1 1 1 1 1 1 1 1 1 12 12 12 12 1 1 
1 1 1 1 12 12 12 12 12 12 12 12 12 12 12 12 12 1 1 1 1 
1 1 1 1 12 12 12 12 12 12 12 12 12 12 12 12 12 1 1 1 1 
1 12 1 1 1 1 1 1 1 1 1 1 1 1 1 1 1 1 1 12 1 
1 12 1 1 1 1 1 1 1 1 1 1 1 1 1 1 1 1 1 12 1 
