connections=[
		],
events={
	{
		exits:[MOSSDEEP CITY (0.6),MOSSDEEP CITY (0.6),MOSSDEEP CITY (14.0),MOSSDEEP CITY (14.0),MOSSDEEP CITY (14.0),MOSSDEEP CITY (14.0),MOSSDEEP CITY (14.0),MOSSDEEP CITY (14.0),MOSSDEEP CITY (14.0),MOSSDEEP CITY (14.0),MOSSDEEP CITY (14.0),MOSSDEEP CITY (14.0),MOSSDEEP CITY (14.0),MOSSDEEP CITY (14.0),		]},
	{
		NPCs:[
			{is_trainer:0,b1:8,b2:0,sprite:132},
			{is_trainer:1,b1:8,b2:0,sprite:37},
			{is_trainer:1,b1:7,b2:0,sprite:37},
			{is_trainer:1,b1:7,b2:0,sprite:47},
			{is_trainer:1,b1:7,b2:0,sprite:47},
			{is_trainer:1,b1:8,b2:0,sprite:37},
			{is_trainer:1,b1:8,b2:0,sprite:47},
			{is_trainer:0,b1:8,b2:0,sprite:23},
			{is_trainer:0,b1:8,b2:0,sprite:131},
			{is_trainer:0,b1:1,b2:0,sprite:224},
			{is_trainer:0,b1:1,b2:0,sprite:224},
			{is_trainer:0,b1:1,b2:0,sprite:224},
			{is_trainer:0,b1:1,b2:0,sprite:224},
			{is_trainer:0,b1:1,b2:0,sprite:224},
			{is_trainer:0,b1:1,b2:0,sprite:224},
			{is_trainer:0,b1:1,b2:0,sprite:224},
			{is_trainer:1,b1:7,b2:0,sprite:48},
			{is_trainer:1,b1:10,b2:0,sprite:40},
			{is_trainer:0,b1:1,b2:0,sprite:224},
			{is_trainer:0,b1:1,b2:0,sprite:224},
			{is_trainer:0,b1:1,b2:0,sprite:224},
			{is_trainer:0,b1:1,b2:0,sprite:224},
			{is_trainer:0,b1:1,b2:0,sprite:224},
			{is_trainer:0,b1:1,b2:0,sprite:224},
			{is_trainer:1,b1:7,b2:0,sprite:48},
			{is_trainer:0,b1:1,b2:0,sprite:224},
			{is_trainer:1,b1:9,b2:0,sprite:47},
			{is_trainer:1,b1:8,b2:0,sprite:40},
			{is_trainer:0,b1:1,b2:0,sprite:224},
			{is_trainer:0,b1:1,b2:0,sprite:224},
			{is_trainer:0,b1:1,b2:0,sprite:224},
			{is_trainer:1,b1:7,b2:0,sprite:37},
			{is_trainer:0,b1:1,b2:0,sprite:224},
			{is_trainer:0,b1:1,b2:0,sprite:224},
			{is_trainer:0,b1:1,b2:0,sprite:224},
			{is_trainer:0,b1:1,b2:0,sprite:224},
		]},
	{
		signs:[
			{x:4,y:34},
			{x:8,y:34},
		]},
	{
		triggers:[
			{x:2,y:21,flag:16385,scriptPointer:2231399},
			{x:8,y:10,flag:16385,scriptPointer:2231421},
			{x:6,y:7,flag:16385,scriptPointer:2231421},
			{x:15,y:34,flag:16385,scriptPointer:2231443},
			{x:23,y:24,flag:16385,scriptPointer:2231465},
			{x:23,y:21,flag:16385,scriptPointer:2231465},
			{x:8,y:6,flag:16385,scriptPointer:2231487},
			{x:21,y:6,flag:16385,scriptPointer:2231025},
			{x:3,y:30,flag:16385,scriptPointer:2231399},
		]},

},
[
	[13, 13, 13, 13, 13, 13, 13, 13, 13, 13, 13, 13, 13, 13, 13, 13, 13, 13, 13, 13, 13, 13, 13, 13, 13, 13, ],
	[13, 13, 13, 13, 13, 1, 12, 1, 13, 13, 1, 1, 1, 13, 13, 13, 13, 13, 13, 13, 13, 13, 13, 13, 13, 13, ],
	[13, 13, 13, 13, 1, 1, 1, 1, 1, 1, 1, 1, 1, 13, 13, 13, 13, 13, 13, 13, 13, 13, 13, 13, 13, 13, ],
	[13, 13, 13, 13, 1, 1, 0, 1, 1, 1, 1, 0, 1, 13, 13, 13, 13, 13, 13, 13, 13, 13, 13, 13, 13, 13, ],
	[13, 13, 13, 13, 0, 0, 0, 0, 0, 1, 1, 0, 1, 13, 13, 13, 13, 13, 13, 13, 13, 1, 1, 13, 13, 13, ],
	[13, 13, 13, 13, 0, 0, 12, 12, 0, 1, 1, 12, 12, 13, 13, 13, 13, 13, 13, 13, 13, 1, 1, 1, 1, 1, ],
	[13, 13, 13, 13, 0, 0, 12, 12, 12, 1, 1, 12, 12, 13, 13, 13, 13, 13, 13, 13, 13, 0, 1, 1, 1, 1, ],
	[13, 13, 13, 13, 0, 1, 12, 0, 1, 1, 1, 0, 13, 13, 13, 13, 13, 13, 13, 13, 13, 0, 1, 1, 1, 1, ],
	[13, 13, 13, 13, 0, 0, 12, 12, 1, 12, 12, 0, 13, 13, 13, 13, 13, 13, 13, 13, 13, 0, 1, 0, 0, 1, ],
	[13, 13, 13, 13, 13, 13, 12, 12, 0, 12, 12, 0, 13, 13, 13, 13, 13, 13, 13, 13, 13, 0, 0, 0, 0, 0, ],
	[13, 13, 13, 13, 13, 13, 13, 13, 12, 13, 13, 13, 13, 13, 13, 13, 13, 13, 13, 13, 13, 0, 13, 13, 13, 13, ],
	[13, 13, 13, 13, 13, 13, 13, 13, 0, 13, 13, 13, 13, 13, 13, 13, 13, 13, 13, 13, 13, 13, 13, 13, 13, 13, ],
	[13, 13, 13, 13, 13, 13, 13, 13, 0, 13, 13, 13, 13, 13, 13, 13, 13, 13, 13, 13, 13, 13, 13, 13, 13, 13, ],
	[13, 13, 13, 13, 13, 13, 13, 13, 13, 13, 13, 13, 13, 13, 13, 13, 13, 13, 13, 13, 13, 13, 13, 13, 13, 13, ],
	[13, 13, 13, 13, 13, 13, 13, 13, 13, 13, 13, 13, 13, 13, 13, 13, 13, 13, 13, 13, 13, 13, 13, 13, 13, 13, ],
	[13, 13, 13, 13, 13, 13, 13, 13, 13, 13, 13, 13, 13, 13, 13, 13, 13, 13, 13, 13, 13, 13, 13, 13, 13, 13, ],
	[13, 13, 13, 13, 13, 13, 1, 1, 1, 1, 13, 13, 13, 13, 13, 13, 13, 13, 13, 13, 13, 13, 13, 13, 13, 13, ],
	[13, 13, 13, 13, 13, 13, 1, 1, 1, 1, 13, 13, 13, 13, 13, 13, 13, 13, 13, 13, 13, 13, 13, 13, 13, 13, ],
	[13, 1, 1, 1, 1, 1, 1, 0, 0, 0, 13, 13, 13, 13, 13, 13, 13, 13, 13, 13, 13, 13, 1, 12, 1, 13, ],
	[13, 1, 1, 1, 1, 1, 1, 1, 0, 1, 13, 13, 13, 13, 13, 13, 13, 13, 13, 13, 13, 13, 1, 1, 1, 13, ],
	[13, 1, 0, 0, 12, 12, 0, 0, 0, 13, 13, 13, 13, 13, 13, 13, 13, 13, 13, 13, 1, 1, 1, 0, 1, 1, ],
	[13, 0, 12, 1, 12, 12, 13, 13, 13, 13, 13, 13, 13, 13, 13, 13, 13, 13, 13, 13, 1, 1, 1, 12, 1, 1, ],
	[13, 0, 0, 0, 0, 0, 13, 13, 13, 13, 13, 13, 13, 13, 13, 13, 13, 13, 13, 13, 1, 12, 12, 0, 12, 12, ],
	[13, 12, 13, 13, 0, 13, 13, 13, 13, 13, 13, 13, 13, 13, 13, 13, 13, 13, 13, 13, 1, 12, 12, 0, 12, 12, ],
	[13, 13, 13, 13, 13, 13, 13, 13, 13, 13, 13, 13, 13, 13, 13, 13, 13, 13, 13, 13, 0, 0, 0, 12, 0, 13, ],
	[13, 13, 13, 13, 13, 13, 13, 13, 13, 13, 13, 13, 13, 13, 13, 13, 13, 13, 13, 13, 13, 13, 12, 12, 0, 0, ],
	[13, 13, 1, 1, 1, 13, 13, 13, 13, 13, 13, 13, 13, 13, 13, 13, 13, 13, 13, 13, 13, 13, 12, 12, 0, 13, ],
	[13, 1, 1, 1, 1, 1, 1, 13, 13, 13, 13, 13, 13, 13, 13, 13, 13, 13, 13, 13, 13, 13, 13, 0, 0, 13, ],
	[13, 1, 1, 0, 1, 1, 1, 1, 1, 13, 13, 13, 13, 13, 13, 13, 13, 13, 13, 13, 13, 13, 13, 13, 0, 13, ],
	[13, 12, 12, 0, 12, 12, 1, 1, 1, 13, 13, 13, 13, 13, 13, 13, 13, 13, 13, 13, 13, 13, 1, 1, 0, 13, ],
	[13, 12, 12, 12, 12, 12, 1, 0, 1, 1, 13, 13, 1, 1, 13, 13, 13, 13, 13, 13, 13, 1, 1, 1, 0, 13, ],
	[13, 0, 0, 0, 0, 0, 0, 0, 1, 1, 13, 1, 1, 1, 13, 13, 13, 13, 13, 13, 1, 1, 1, 0, 0, 13, ],
	[13, 0, 13, 0, 0, 0, 0, 0, 0, 0, 13, 1, 1, 0, 13, 1, 1, 1, 1, 1, 1, 1, 0, 0, 13, 13, ],
	[13, 12, 13, 0, 0, 0, 0, 0, 0, 0, 13, 12, 12, 0, 13, 1, 1, 1, 1, 1, 1, 0, 0, 13, 13, 13, ],
	[13, 13, 13, 0, 1, 0, 0, 0, 1, 0, 13, 12, 12, 0, 13, 12, 0, 0, 0, 0, 0, 0, 13, 13, 13, 13, ],
	[13, 13, 13, 0, 0, 0, 12, 12, 0, 0, 13, 12, 0, 13, 13, 13, 13, 13, 13, 13, 13, 13, 13, 13, 13, 13, ],
]
