connections=[
		],
events={
	{
		exits:[MOSSDEEP CITY (0.6),MOSSDEEP CITY (0.6),		]},
	{
		NPCs:[
			{is_trainer:0,b1:9,b2:0,sprite:20},
			{is_trainer:0,b1:5,b2:0,sprite:5},
			{is_trainer:0,b1:1,b2:0,sprite:203},
		]},
	{
		signs:[
		]},
	{
		triggers:[
		]},

},
[
	[1, 1, 1, 1, 1, 1, 1, 1, 1, 1, ],
	[1, 1, 1, 1, 1, 1, 1, 1, 1, 1, ],
	[12, 12, 12, 12, 12, 12, 12, 12, 12, 12, ],
	[13, 13, 12, 12, 12, 12, 12, 12, 12, 12, ],
	[13, 13, 12, 12, 12, 12, 12, 12, 1, 1, ],
	[12, 12, 12, 12, 12, 12, 12, 12, 1, 1, ],
	[12, 12, 12, 12, 12, 12, 12, 12, 12, 12, ],
	[12, 12, 12, 0, 0, 12, 12, 12, 12, 12, ],
]
