connections=[
		],
events={
	{
		exits:[MOSSDEEP CITY (14.11),		]},
	{
		NPCs:[
			{is_trainer:0,b1:9,b2:0,sprite:240},
		]},
	{
		signs:[
		]},
	{
		triggers:[
		]},

},
[
	[1, 1, 1, 1, 1, 1, 1, 1, 1, 1, 1, 1, ],
	[0, 1, 1, 0, 1, 1, 1, 1, 1, 1, 1, 0, ],
	[13, 12, 12, 12, 12, 12, 12, 12, 12, 12, 12, 13, ],
	[12, 12, 12, 12, 12, 12, 12, 12, 12, 12, 12, 12, ],
	[12, 12, 12, 12, 12, 12, 12, 12, 12, 12, 12, 12, ],
	[12, 12, 12, 12, 12, 12, 12, 12, 12, 12, 12, 12, ],
	[12, 12, 12, 12, 12, 12, 12, 12, 12, 12, 12, 12, ],
	[12, 12, 12, 12, 12, 12, 12, 12, 12, 12, 12, 12, ],
	[1, 12, 12, 12, 12, 12, 12, 12, 12, 12, 12, 1, ],
]
