connections=[
			{'up':'ROUTE 125 (0.40)'},
			{'down':'ROUTE 127 (0.42)'},
			{'left':'ROUTE 124 (0.39)'},
		],
events={
	
		'exits':[{'name':'MOSSDEEP CITY (14.1)','x':28,'y':9},{'name':'MOSSDEEP CITY (14.0)','x':38,'y':9},{'name':'MOSSDEEP CITY (14.3)','x':28,'y':16},{'name':'MOSSDEEP CITY (14.2)','x':67,'y':25},{'name':'MOSSDEEP CITY (14.5)','x':37,'y':18},{'name':'MOSSDEEP CITY (14.6)','x':49,'y':6},{'name':'MOSSDEEP CITY (14.7)','x':19,'y':10},{'name':'MOSSDEEP CITY (14.8)','x':18,'y':16},{'name':'MOSSDEEP CITY (14.9)','x':64,'y':15},{'name':'MOSSDEEP CITY (14.11)','x':36,'y':24},		],
	
		'NPCs':[
			{'is_trainer':0,'b1':2,'b2':0,'sprite':'49','x':38,'y':12},
			{'is_trainer':0,'b1':5,'b2':0,'sprite':'21','x':50,'y':34},
			{'is_trainer':0,'b1':2,'b2':0,'sprite':'18','x':32,'y':12},
			{'is_trainer':0,'b1':3,'b2':0,'sprite':'5','x':26,'y':21},
			{'is_trainer':0,'b1':9,'b2':0,'sprite':'8','x':45,'y':18},
			{'is_trainer':0,'b1':1,'b2':0,'sprite':'59','x':62,'y':35},
			{'is_trainer':0,'b1':7,'b2':0,'sprite':'19','x':55,'y':5},
			{'is_trainer':0,'b1':10,'b2':0,'sprite':'16','x':56,'y':21},
			{'is_trainer':0,'b1':2,'b2':0,'sprite':'9','x':23,'y':13},
			{'is_trainer':0,'b1':8,'b2':0,'sprite':'119','x':44,'y':23},
			{'is_trainer':0,'b1':7,'b2':0,'sprite':'119','x':44,'y':24},
			{'is_trainer':0,'b1':8,'b2':0,'sprite':'119','x':44,'y':25},
			{'is_trainer':0,'b1':7,'b2':0,'sprite':'119','x':44,'y':26},
			{'is_trainer':0,'b1':9,'b2':0,'sprite':'196','x':45,'y':25},
			{'is_trainer':0,'b1':64,'b2':0,'sprite':'44','x':19,'y':25},
			{'is_trainer':0,'b1':17,'b2':0,'sprite':'219','x':61,'y':29},
			{'is_trainer':0,'b1':64,'b2':0,'sprite':'44','x':31,'y':29},
		],
	
		'signs':[
			{'x':25,'y':16},
			{'x':34,'y':9},
			{'x':29,'y':16},
			{'x':38,'y':18},
			{'x':66,'y':16},
			{'x':30,'y':16},
			{'x':39,'y':18},
			{'x':57,'y':21},
		],
	
		'triggers':[
			{'x':25,'y':25,'flag':16385,'scriptPointer':1985336},
			{'x':26,'y':25,'flag':16385,'scriptPointer':1985336},
			{'x':32,'y':27,'flag':16385,'scriptPointer':1985336},
			{'x':33,'y':27,'flag':16385,'scriptPointer':1985336},
			{'x':42,'y':21,'flag':16477,'scriptPointer':1985345},
			{'x':41,'y':22,'flag':16477,'scriptPointer':1985345},
			{'x':41,'y':23,'flag':16477,'scriptPointer':1985345},
			{'x':41,'y':24,'flag':16477,'scriptPointer':1985345},
			{'x':40,'y':25,'flag':16477,'scriptPointer':1985345},
			{'x':40,'y':26,'flag':16477,'scriptPointer':1985345},
		],

},
partial_map=[
	[4, 4, 4, 4, 1, 12, 12, 1, 1, 1, 13, 12, 12, 12, 5, 1, 1, 5, 5, 5, 4, 4, 4, 4, 4, 4, 4, 4, 4, 4, 4, 4, 4, 4, 4, 4, 4, 4, 4, 4, 4, 4, 4, 4, 4, 4, 4, 4, 4, 4, 4, 4, 4, 5, 5, 4, 4, 4, 4, 4, 4, 4, 4, 4, 4, 4, 4, 4, 4, 4, 4, 4, 4, 4, 4, 4, 4, 4, 4, 4, ],
	[4, 4, 4, 4, 5, 5, 13, 12, 12, 12, 12, 12, 5, 5, 5, 4, 4, 4, 4, 4, 4, 4, 4, 4, 4, 4, 4, 4, 4, 4, 4, 4, 4, 4, 4, 4, 4, 4, 4, 4, 4, 4, 4, 4, 4, 4, 4, 4, 4, 4, 4, 5, 5, 5, 5, 4, 4, 4, 4, 4, 4, 4, 4, 4, 4, 4, 4, 4, 4, 4, 4, 4, 4, 4, 4, 4, 4, 4, 4, 4, ],
	[4, 4, 4, 4, 5, 5, 5, 5, 5, 5, 5, 5, 5, 4, 4, 4, 4, 4, 4, 4, 4, 4, 4, 4, 4, 4, 4, 4, 4, 4, 4, 4, 4, 4, 4, 4, 4, 4, 4, 4, 4, 4, 4, 4, 4, 4, 4, 4, 4, 4, 4, 5, 5, 4, 4, 4, 4, 4, 4, 4, 4, 4, 4, 4, 4, 4, 4, 4, 4, 4, 4, 4, 4, 4, 4, 4, 4, 4, 4, 4, ],
	[4, 4, 1, 1, 5, 5, 4, 4, 4, 4, 4, 4, 4, 4, 4, 4, 4, 4, 4, 4, 12, 12, 12, 4, 4, 4, 4, 4, 4, 4, 4, 4, 4, 4, 4, 4, 4, 4, 4, 4, 4, 4, 4, 4, 4, 4, 4, 1, 1, 1, 1, 1, 1, 5, 4, 4, 5, 5, 5, 1, 1, 4, 4, 4, 4, 4, 4, 4, 4, 4, 4, 4, 4, 4, 4, 4, 4, 4, 4, 4, ],
	[5, 5, 1, 1, 4, 4, 4, 4, 4, 4, 4, 4, 4, 12, 12, 12, 12, 12, 12, 12, 12, 12, 12, 12, 12, 12, 4, 4, 4, 4, 1, 16, 16, 16, 16, 16, 16, 16, 16, 16, 16, 16, 1, 4, 4, 4, 1, 1, 1, 1, 1, 1, 28, 28, 28, 28, 28, 1, 28, 1, 4, 4, 4, 4, 4, 4, 4, 4, 4, 4, 4, 4, 4, 4, 4, 4, 4, 4, 4, 4, ],
	[5, 5, 4, 4, 4, 4, 4, 4, 4, 4, 4, 4, 12, 12, 12, 12, 12, 12, 12, 12, 12, 1, 12, 12, 12, 1, 16, 16, 16, 16, 16, 20, 20, 20, 20, 16, 16, 16, 16, 16, 16, 16, 16, 16, 16, 16, 1, 1, 1, 1, 1, 1, 28, 28, 28, 28, 1, 1, 1, 37, 1, 4, 4, 4, 4, 4, 4, 4, 4, 4, 4, 4, 4, 4, 4, 4, 4, 4, 4, 4, ],
	[4, 4, 4, 4, 4, 4, 4, 4, 4, 4, 4, 12, 12, 12, 12, 1, 12, 12, 12, 12, 12, 12, 12, 1, 16, 16, 16, 20, 20, 20, 20, 1, 1, 1, 1, 1, 1, 1, 1, 1, 1, 16, 16, 20, 20, 20, 1, 1, 1, 1, 1, 1, 28, 28, 28, 28, 28, 28, 1, 36, 36, 36, 36, 36, 36, 36, 36, 36, 36, 36, 1, 4, 4, 4, 4, 4, 4, 4, 4, 4, ],
	[4, 4, 4, 4, 4, 4, 4, 4, 4, 4, 12, 12, 12, 1, 1, 20, 20, 20, 20, 20, 20, 20, 20, 20, 1, 1, 20, 21, 21, 21, 21, 20, 1, 1, 20, 1, 1, 1, 1, 1, 1, 16, 20, 1, 1, 1, 28, 28, 28, 28, 28, 28, 28, 28, 28, 28, 1, 36, 1, 36, 36, 36, 36, 36, 36, 36, 36, 36, 36, 36, 1, 1, 4, 4, 4, 4, 4, 4, 4, 4, ],
	[4, 4, 4, 4, 4, 4, 4, 4, 4, 4, 12, 12, 12, 1, 1, 1, 1, 20, 21, 21, 21, 21, 20, 1, 1, 1, 1, 1, 1, 1, 1, 20, 20, 20, 20, 1, 1, 1, 1, 1, 1, 20, 1, 1, 1, 1, 28, 28, 28, 28, 28, 28, 28, 28, 1, 36, 1, 1, 36, 36, 1, 1, 1, 1, 1, 1, 1, 1, 1, 36, 1, 1, 36, 1, 4, 4, 4, 4, 4, 4, ],
	[4, 4, 4, 4, 4, 4, 4, 4, 4, 4, 12, 12, 12, 1, 1, 20, 20, 20, 1, 1, 1, 1, 1, 1, 1, 1, 20, 1, 1, 1, 21, 20, 20, 20, 1, 20, 20, 1, 1, 1, 20, 1, 1, 1, 28, 28, 28, 28, 28, 28, 28, 28, 28, 1, 36, 1, 36, 1, 36, 36, 1, 1, 1, 1, 1, 1, 1, 1, 1, 36, 1, 36, 37, 1, 1, 4, 4, 4, 4, 4, ],
	[4, 4, 4, 4, 4, 4, 4, 4, 4, 4, 12, 12, 1, 1, 1, 20, 20, 20, 1, 1, 1, 1, 20, 20, 20, 20, 20, 20, 20, 20, 20, 20, 20, 20, 20, 20, 20, 20, 20, 20, 20, 20, 1, 1, 28, 28, 28, 28, 28, 28, 28, 28, 1, 1, 36, 1, 36, 1, 36, 36, 1, 1, 1, 1, 1, 1, 1, 1, 1, 36, 36, 37, 1, 1, 1, 1, 4, 4, 4, 4, ],
	[4, 4, 4, 4, 4, 4, 4, 4, 4, 4, 12, 12, 12, 1, 1, 1, 20, 20, 20, 20, 20, 20, 20, 20, 20, 20, 20, 20, 20, 20, 20, 20, 20, 20, 20, 20, 20, 20, 20, 20, 20, 20, 1, 1, 28, 28, 28, 28, 28, 28, 28, 1, 36, 1, 1, 36, 36, 1, 36, 36, 1, 1, 1, 1, 1, 1, 1, 1, 1, 36, 36, 1, 1, 1, 1, 1, 1, 4, 4, 4, ],
	[4, 4, 4, 4, 4, 4, 4, 4, 4, 4, 12, 12, 12, 1, 1, 1, 20, 20, 20, 20, 20, 20, 20, 20, 20, 20, 20, 20, 20, 20, 20, 20, 20, 20, 20, 20, 20, 20, 20, 20, 20, 1, 28, 28, 28, 28, 28, 28, 28, 28, 28, 1, 36, 1, 1, 36, 36, 1, 36, 36, 1, 1, 1, 1, 1, 1, 1, 1, 1, 36, 36, 1, 1, 1, 1, 1, 1, 1, 4, 4, ],
	[4, 4, 4, 4, 4, 4, 4, 4, 4, 4, 12, 12, 12, 12, 1, 1, 1, 20, 20, 20, 20, 20, 20, 20, 1, 1, 20, 20, 20, 20, 20, 20, 20, 20, 20, 20, 20, 20, 20, 20, 1, 1, 28, 1, 28, 28, 28, 28, 28, 28, 28, 1, 36, 1, 1, 1, 36, 1, 36, 36, 1, 1, 1, 1, 1, 1, 1, 1, 1, 36, 36, 1, 1, 1, 1, 1, 1, 1, 36, 1, ],
	[4, 4, 4, 4, 4, 4, 4, 4, 4, 4, 12, 12, 12, 12, 1, 1, 1, 1, 1, 1, 1, 20, 20, 20, 20, 1, 1, 1, 1, 1, 1, 20, 20, 20, 20, 20, 20, 20, 20, 20, 1, 1, 1, 1, 1, 28, 28, 28, 28, 28, 28, 1, 36, 1, 36, 1, 1, 1, 36, 36, 1, 1, 1, 1, 1, 1, 1, 1, 1, 36, 36, 1, 1, 1, 1, 1, 1, 28, 1, 1, ],
	[4, 4, 4, 4, 4, 4, 4, 4, 4, 4, 12, 12, 12, 12, 12, 1, 1, 1, 1, 1, 1, 20, 1, 1, 1, 1, 20, 1, 1, 1, 1, 20, 20, 20, 20, 20, 20, 20, 20, 20, 1, 1, 28, 28, 28, 28, 28, 28, 28, 28, 28, 1, 1, 1, 36, 36, 1, 1, 1, 36, 1, 1, 1, 1, 1, 1, 1, 1, 1, 36, 36, 1, 1, 1, 1, 1, 1, 28, 1, 1, ],
	[4, 4, 4, 4, 4, 4, 4, 4, 4, 4, 4, 12, 12, 12, 12, 1, 1, 1, 1, 1, 1, 20, 20, 20, 20, 1, 20, 1, 1, 1, 1, 20, 20, 20, 20, 20, 1, 1, 1, 1, 1, 1, 1, 28, 28, 28, 28, 28, 28, 28, 28, 28, 1, 1, 1, 36, 1, 36, 1, 1, 36, 36, 36, 36, 36, 36, 1, 36, 36, 36, 1, 1, 1, 1, 1, 1, 1, 28, 1, 1, ],
	[4, 4, 4, 4, 4, 4, 4, 4, 4, 4, 4, 12, 12, 12, 12, 1, 1, 20, 20, 20, 20, 20, 20, 20, 20, 20, 20, 20, 20, 20, 20, 20, 20, 20, 20, 20, 1, 1, 1, 1, 1, 1, 1, 1, 28, 28, 28, 28, 28, 28, 28, 28, 1, 1, 1, 1, 1, 1, 1, 1, 1, 1, 36, 36, 36, 36, 36, 36, 36, 36, 1, 1, 1, 1, 1, 1, 28, 1, 1, 1, ],
	[4, 4, 4, 4, 4, 4, 4, 4, 4, 4, 4, 12, 12, 12, 12, 1, 1, 1, 20, 20, 20, 20, 20, 20, 20, 20, 20, 20, 20, 20, 20, 20, 20, 20, 20, 20, 1, 1, 1, 1, 20, 1, 1, 1, 28, 28, 28, 28, 28, 28, 28, 28, 28, 1, 1, 1, 1, 1, 1, 1, 1, 1, 1, 36, 36, 36, 1, 1, 1, 1, 1, 1, 36, 1, 1, 1, 28, 1, 1, 1, ],
	[12, 12, 12, 12, 4, 4, 4, 4, 4, 4, 4, 12, 12, 12, 12, 1, 1, 1, 20, 1, 1, 20, 20, 20, 20, 20, 20, 20, 20, 20, 20, 20, 20, 20, 20, 20, 20, 20, 20, 20, 20, 20, 1, 1, 1, 28, 28, 28, 28, 28, 28, 28, 28, 28, 1, 1, 1, 1, 1, 1, 1, 1, 1, 36, 36, 36, 1, 1, 1, 1, 1, 1, 1, 1, 1, 1, 28, 1, 1, 1, ],
	[12, 12, 12, 12, 12, 12, 12, 4, 4, 4, 4, 4, 12, 12, 12, 12, 1, 1, 1, 1, 1, 1, 1, 20, 20, 20, 20, 20, 20, 20, 20, 20, 20, 20, 20, 20, 20, 20, 20, 20, 20, 20, 1, 1, 1, 1, 28, 28, 28, 1, 28, 28, 28, 28, 28, 28, 1, 1, 1, 1, 1, 1, 36, 36, 36, 36, 36, 36, 36, 36, 1, 1, 1, 1, 1, 1, 28, 1, 1, 1, ],
	[12, 12, 12, 12, 12, 12, 12, 12, 12, 4, 4, 4, 12, 12, 12, 12, 1, 1, 1, 1, 1, 20, 20, 20, 20, 20, 20, 20, 20, 20, 20, 20, 20, 20, 20, 21, 21, 21, 21, 21, 20, 20, 20, 1, 1, 1, 1, 1, 1, 1, 1, 28, 28, 28, 28, 28, 28, 29, 1, 1, 1, 1, 1, 36, 36, 36, 1, 1, 1, 1, 1, 1, 1, 1, 28, 1, 1, 1, 1, 1, ],
	[12, 12, 12, 12, 12, 12, 12, 12, 12, 12, 12, 12, 12, 12, 12, 12, 12, 12, 12, 1, 1, 1, 1, 1, 20, 20, 20, 20, 20, 1, 1, 20, 20, 20, 20, 21, 21, 21, 21, 21, 20, 20, 20, 20, 1, 1, 1, 1, 1, 1, 1, 28, 28, 28, 28, 28, 28, 28, 28, 28, 1, 1, 1, 0, 0, 0, 1, 1, 1, 1, 1, 1, 28, 28, 28, 1, 1, 1, 1, 1, ],
	[12, 12, 12, 13, 1, 12, 12, 12, 12, 12, 12, 12, 12, 12, 12, 12, 12, 12, 12, 1, 1, 1, 1, 1, 20, 20, 20, 20, 1, 1, 20, 20, 20, 20, 20, 1, 21, 1, 1, 1, 20, 20, 20, 20, 20, 20, 1, 1, 1, 1, 1, 1, 28, 28, 28, 28, 28, 28, 28, 28, 28, 28, 28, 28, 28, 28, 1, 1, 1, 1, 28, 28, 28, 1, 1, 1, 1, 1, 1, 1, ],
	[12, 12, 12, 12, 13, 13, 12, 12, 12, 12, 12, 12, 12, 12, 12, 12, 12, 12, 12, 12, 12, 12, 1, 1, 1, 20, 20, 1, 1, 1, 1, 20, 20, 20, 20, 1, 21, 1, 1, 1, 20, 20, 20, 20, 20, 20, 20, 20, 20, 1, 1, 1, 28, 28, 28, 28, 28, 28, 28, 28, 28, 28, 28, 28, 28, 28, 1, 1, 1, 1, 28, 28, 1, 1, 1, 1, 1, 1, 1, 4, ],
	[12, 12, 12, 12, 12, 12, 12, 12, 12, 12, 12, 12, 12, 12, 12, 12, 12, 12, 12, 12, 12, 12, 1, 1, 1, 0, 0, 1, 1, 1, 1, 20, 20, 20, 20, 20, 20, 20, 20, 20, 20, 20, 20, 20, 20, 20, 20, 20, 20, 20, 1, 1, 1, 1, 1, 28, 28, 28, 28, 28, 28, 28, 28, 28, 28, 28, 1, 1, 1, 1, 28, 28, 1, 1, 1, 1, 1, 1, 1, 4, ],
	[12, 12, 12, 12, 12, 12, 12, 12, 12, 12, 12, 12, 12, 12, 12, 12, 12, 12, 12, 12, 12, 12, 12, 12, 12, 12, 12, 12, 12, 1, 1, 20, 20, 20, 20, 20, 20, 20, 20, 20, 20, 20, 20, 20, 20, 20, 20, 20, 20, 20, 1, 1, 1, 1, 1, 1, 28, 28, 28, 28, 28, 28, 28, 28, 28, 28, 28, 28, 28, 28, 28, 1, 1, 1, 1, 1, 1, 1, 1, 4, ],
	[4, 12, 12, 12, 13, 13, 12, 12, 12, 12, 12, 12, 12, 12, 12, 12, 12, 12, 12, 12, 12, 12, 12, 12, 12, 12, 12, 12, 12, 1, 1, 1, 0, 0, 1, 1, 1, 1, 1, 1, 1, 1, 1, 1, 20, 20, 20, 20, 20, 20, 20, 20, 20, 1, 1, 1, 1, 0, 0, 1, 1, 1, 1, 1, 1, 28, 28, 28, 28, 1, 28, 1, 1, 1, 1, 1, 1, 4, 4, 4, ],
	[4, 12, 12, 12, 12, 12, 12, 12, 12, 12, 4, 4, 4, 4, 12, 12, 12, 12, 12, 12, 12, 12, 12, 12, 12, 12, 12, 12, 12, 1, 1, 1, 0, 0, 1, 1, 1, 1, 1, 1, 20, 1, 1, 1, 20, 20, 20, 20, 20, 20, 20, 20, 20, 20, 1, 1, 1, 20, 20, 1, 1, 1, 1, 28, 1, 1, 28, 28, 1, 1, 1, 1, 1, 1, 1, 1, 4, 4, 4, 4, ],
	[4, 12, 12, 12, 12, 12, 12, 12, 12, 12, 4, 4, 4, 4, 4, 4, 4, 12, 12, 12, 12, 12, 12, 12, 12, 12, 12, 12, 12, 12, 12, 12, 12, 12, 12, 1, 1, 1, 1, 1, 1, 1, 1, 1, 20, 20, 20, 20, 20, 20, 20, 20, 20, 20, 20, 20, 20, 20, 20, 20, 20, 20, 1, 1, 1, 1, 1, 1, 1, 1, 1, 1, 1, 1, 1, 1, 4, 4, 4, 4, ],
	[4, 4, 12, 12, 12, 12, 12, 12, 12, 4, 4, 4, 4, 4, 4, 4, 4, 4, 4, 4, 4, 4, 4, 12, 12, 12, 12, 12, 12, 12, 12, 12, 12, 12, 12, 12, 1, 1, 1, 1, 1, 1, 1, 1, 1, 20, 20, 20, 20, 20, 20, 20, 20, 20, 20, 20, 20, 20, 20, 20, 20, 20, 20, 20, 1, 1, 1, 1, 1, 1, 1, 1, 1, 1, 1, 4, 4, 4, 4, 4, ],
	[4, 4, 4, 12, 12, 12, 12, 12, 4, 4, 4, 4, 4, 4, 4, 4, 4, 4, 4, 4, 4, 4, 4, 4, 4, 4, 4, 4, 12, 12, 12, 12, 12, 12, 12, 1, 1, 1, 1, 1, 1, 12, 1, 20, 1, 1, 20, 20, 1, 1, 1, 20, 20, 20, 20, 20, 20, 20, 20, 20, 20, 20, 20, 20, 20, 20, 20, 1, 1, 1, 1, 1, 1, 1, 1, 4, 4, 4, 4, 4, ],
	[4, 4, 4, 4, 4, 4, 4, 4, 4, 4, 4, 4, 4, 4, 4, 4, 4, 4, 4, 4, 4, 4, 4, 4, 4, 4, 4, 4, 4, 4, 4, 4, 12, 12, 1, 1, 0, 0, 1, 1, 1, 1, 1, 20, 20, 20, 20, 20, 20, 20, 1, 1, 1, 1, 20, 20, 20, 20, 20, 20, 20, 20, 20, 20, 20, 1, 1, 1, 20, 20, 1, 1, 1, 1, 1, 4, 4, 4, 4, 4, ],
	[4, 4, 4, 4, 4, 4, 4, 4, 4, 4, 4, 4, 4, 4, 4, 4, 4, 4, 4, 4, 4, 4, 4, 4, 4, 4, 4, 4, 4, 4, 4, 4, 4, 4, 12, 1, 1, 1, 1, 1, 1, 12, 1, 20, 1, 1, 20, 20, 20, 20, 20, 20, 20, 1, 1, 1, 1, 1, 1, 1, 20, 20, 20, 1, 1, 1, 20, 20, 20, 20, 1, 4, 4, 4, 4, 4, 4, 4, 4, 4, ],
	[1, 1, 1, 1, 1, 1, 1, 1, 5, 4, 5, 5, 4, 4, 4, 4, 4, 4, 4, 4, 4, 4, 4, 4, 4, 4, 4, 4, 4, 4, 4, 4, 4, 4, 4, 12, 1, 1, 12, 12, 12, 12, 1, 1, 1, 20, 20, 20, 20, 20, 20, 20, 20, 20, 20, 20, 20, 20, 20, 1, 1, 1, 1, 1, 1, 1, 1, 1, 1, 1, 1, 4, 4, 4, 4, 4, 4, 4, 4, 4, ],
	[13, 5, 13, 5, 13, 5, 13, 5, 5, 5, 5, 5, 4, 4, 4, 4, 4, 4, 4, 4, 4, 4, 4, 4, 4, 4, 4, 4, 4, 4, 4, 4, 4, 4, 4, 1, 1, 1, 1, 1, 1, 12, 1, 1, 1, 1, 1, 1, 1, 20, 20, 20, 20, 20, 20, 20, 20, 20, 20, 20, 20, 20, 20, 20, 1, 4, 4, 4, 4, 4, 4, 4, 4, 4, 4, 1, 5, 4, 4, 4, ],
	[5, 5, 5, 5, 5, 13, 5, 13, 5, 1, 1, 1, 1, 1, 1, 1, 1, 1, 1, 1, 1, 5, 4, 4, 4, 4, 4, 4, 4, 4, 4, 4, 4, 4, 4, 12, 12, 12, 1, 1, 1, 1, 12, 12, 12, 1, 1, 12, 1, 1, 1, 1, 1, 1, 1, 1, 1, 1, 1, 1, 1, 1, 1, 1, 1, 4, 4, 4, 4, 4, 4, 4, 4, 4, 1, 4, 5, 4, 4, 4, ],
	[13, 13, 13, 5, 5, 5, 5, 5, 5, 5, 5, 5, 13, 13, 13, 12, 12, 12, 12, 13, 4, 1, 5, 4, 4, 4, 4, 4, 4, 4, 4, 4, 4, 4, 4, 1, 1, 1, 1, 1, 1, 12, 12, 12, 1, 1, 1, 1, 12, 12, 12, 12, 12, 12, 4, 4, 4, 4, 4, 4, 4, 4, 4, 4, 4, 4, 4, 4, 4, 4, 4, 4, 4, 4, 5, 4, 5, 4, 4, 4, ],
	[13, 13, 13, 13, 5, 5, 5, 5, 5, 5, 5, 13, 13, 5, 13, 13, 12, 13, 4, 12, 13, 4, 5, 4, 4, 4, 4, 4, 4, 4, 4, 4, 4, 4, 4, 12, 1, 1, 12, 12, 1, 1, 12, 12, 12, 1, 1, 12, 4, 4, 4, 4, 4, 4, 4, 4, 4, 4, 4, 4, 4, 4, 4, 4, 4, 4, 4, 4, 4, 4, 4, 4, 4, 1, 12, 12, 0, 5, 4, 4, ],
	[13, 13, 13, 13, 5, 5, 5, 5, 5, 5, 5, 13, 13, 13, 13, 13, 12, 12, 13, 12, 13, 4, 5, 5, 5, 4, 4, 4, 4, 4, 4, 4, 4, 4, 4, 1, 1, 12, 12, 1, 1, 1, 1, 12, 1, 1, 4, 4, 4, 4, 4, 4, 4, 4, 4, 4, 4, 4, 4, 4, 4, 4, 4, 4, 4, 4, 4, 4, 4, 4, 4, 4, 4, 1, 12, 1, 13, 5, 4, 4, ],
]
