connections=[
		],
events={
	
		'exits':[{'name':'MOSSDEEP CITY (0.6)','x':3,'y':8},{'name':'MOSSDEEP CITY (0.6)','x':4,'y':8},		],
	
		'NPCs':[
			{'is_trainer':0,'b1':9,'b2':0,'sprite':'65','x':6,'y':6},
			{'is_trainer':0,'b1':8,'b2':0,'sprite':'6','x':4,'y':4},
			{'is_trainer':0,'b1':7,'b2':0,'sprite':'211','x':4,'y':5},
		],
	
		'signs':[
		],
	
		'triggers':[
		],

},
partial_map=[
	[1, 1, 1, 1, 1, 1, 1, 1, 1, 1, ],
	[1, 1, 1, 1, 1, 1, 1, 1, 12, 12, ],
	[12, 12, 12, 12, 12, 12, 12, 12, 1, 1, ],
	[12, 12, 12, 12, 12, 12, 12, 12, 12, 12, ],
	[12, 0, 13, 13, 12, 12, 12, 12, 12, 12, ],
	[12, 0, 13, 13, 12, 12, 12, 12, 12, 12, ],
	[12, 12, 12, 12, 12, 12, 12, 12, 12, 12, ],
	[12, 12, 12, 12, 12, 12, 12, 12, 12, 12, ],
	[12, 12, 12, 0, 0, 12, 12, 12, 12, 13, ],
]
