connections=[
		],
events={
	{
		exits:[MOSSDEEP CITY (0.6),MOSSDEEP CITY (0.6),MOSSDEEP CITY (14.10),		]},
	{
		NPCs:[
			{is_trainer:0,b1:7,b2:0,sprite:46},
			{is_trainer:0,b1:7,b2:0,sprite:46},
			{is_trainer:0,b1:9,b2:0,sprite:49},
			{is_trainer:0,b1:7,b2:0,sprite:29},
			{is_trainer:0,b1:3,b2:0,sprite:26},
			{is_trainer:1,b1:9,b2:0,sprite:120},
			{is_trainer:1,b1:9,b2:0,sprite:119},
			{is_trainer:1,b1:8,b2:0,sprite:119},
			{is_trainer:1,b1:8,b2:0,sprite:119},
			{is_trainer:0,b1:76,b2:0,sprite:5},
			{is_trainer:0,b1:8,b2:0,sprite:134},
		]},
	{
		signs:[
		]},
	{
		triggers:[
		]},

},
[
	[1, 0, 0, 1, 1, 1, 1, 1, 1, 1, 1, 1, 1, 1, 1, 0, ],
	[1, 1, 1, 1, 1, 1, 1, 1, 1, 1, 1, 1, 1, 0, 1, 1, ],
	[12, 12, 12, 12, 12, 12, 12, 12, 12, 12, 12, 12, 12, 12, 12, 12, ],
	[12, 12, 12, 12, 12, 12, 12, 12, 12, 12, 12, 12, 12, 12, 12, 12, ],
	[12, 12, 12, 12, 12, 12, 12, 12, 12, 12, 12, 12, 12, 12, 12, 12, ],
	[12, 12, 1, 1, 1, 1, 12, 12, 12, 12, 1, 1, 12, 1, 1, 12, ],
	[12, 12, 1, 1, 1, 1, 12, 12, 12, 12, 12, 12, 12, 12, 12, 12, ],
	[12, 12, 12, 12, 12, 12, 12, 12, 12, 12, 1, 1, 1, 1, 12, 12, ],
	[12, 12, 12, 12, 12, 12, 12, 12, 12, 12, 1, 1, 1, 1, 12, 12, ],
	[12, 12, 12, 12, 12, 12, 12, 0, 0, 12, 12, 12, 12, 12, 12, 12, ],
]
