Connections;
Exits;MT. PYRE (24.15);MT. PYRE (24.22);MT. PYRE (24.22);
1 1 0 1 1 1 1 1 1 1 12 1 12 1 12 12 12 1 1 1 1 1 1 12 12 12 12 1 1 12 1 1 1 1 1 1 1 1 
1 1 1 12 1 1 1 1 1 12 1 1 12 1 12 12 12 1 1 1 1 1 1 12 12 12 12 1 1 12 1 12 1 1 1 1 1 1 
0 1 1 1 1 1 1 1 1 12 1 1 12 1 12 12 12 1 1 1 1 1 1 12 12 12 12 1 1 12 1 12 1 1 1 1 1 1 
1 0 1 1 1 1 1 1 1 12 1 1 12 1 12 1 1 1 1 1 1 1 1 1 1 12 12 1 1 12 1 12 1 1 1 1 1 1 
1 1 1 1 12 1 1 12 12 12 1 1 12 1 12 1 1 1 1 1 1 1 1 1 1 12 12 1 1 12 1 12 1 1 1 1 1 1 
0 1 1 1 1 1 1 12 12 12 1 1 12 1 12 1 12 1 1 1 1 1 1 12 1 12 12 1 1 12 1 12 12 1 1 1 1 1 
1 1 0 1 1 1 1 1 1 1 1 1 12 1 12 1 1 1 1 1 1 1 1 1 1 12 12 1 1 12 1 12 12 1 1 1 1 1 
1 1 1 1 1 1 1 1 1 1 1 1 12 1 12 1 1 1 1 1 1 1 1 1 1 12 1 1 1 12 1 1 1 1 1 1 1 1 
1 1 1 1 1 1 1 1 1 1 1 1 12 1 1 12 1 1 1 1 1 1 1 1 12 12 1 1 1 12 1 1 1 1 1 1 1 1 
1 1 1 1 1 1 1 1 1 12 1 1 1 1 1 13 12 1 1 1 1 1 1 12 13 12 1 1 1 1 1 1 1 1 1 1 1 1 
1 1 1 1 1 1 1 1 1 12 1 1 1 1 1 1 1 1 1 12 12 1 1 1 1 1 1 1 1 1 1 1 1 1 1 1 1 1 
1 1 1 1 1 1 1 1 1 12 1 1 1 1 13 12 13 12 13 12 12 13 12 13 12 13 12 1 1 1 1 1 1 1 1 1 1 1 
1 1 1 1 1 1 1 12 12 12 1 1 1 1 12 12 12 12 12 12 12 12 12 12 12 12 1 1 1 1 1 1 1 1 1 1 1 1 
1 1 1 1 1 1 1 12 1 1 1 1 1 1 1 12 1 12 12 12 12 12 12 1 12 1 1 1 1 1 1 1 1 1 1 1 1 1 
1 1 1 1 1 1 1 12 1 1 1 1 1 1 12 12 12 12 12 12 12 12 12 12 12 12 1 12 12 1 12 1 1 1 1 1 1 1 
1 1 1 1 1 1 1 12 1 1 1 1 1 1 1 1 1 1 1 12 12 1 1 1 1 1 1 12 12 1 1 1 1 1 1 1 1 1 
1 1 1 1 1 1 1 12 1 1 1 1 1 1 1 1 1 1 1 12 12 1 1 1 1 1 12 12 12 1 12 1 1 1 1 1 1 1 
1 1 1 1 1 1 1 12 12 12 12 12 12 12 12 12 12 12 12 12 12 1 1 1 1 1 12 12 12 1 1 1 1 1 1 1 1 1 
1 1 1 1 1 1 1 1 12 12 12 12 12 12 12 12 12 12 12 12 12 1 1 1 1 1 12 12 1 1 12 1 1 1 1 1 1 1 
1 1 1 1 1 1 1 1 12 12 12 12 12 12 12 12 12 12 12 12 12 12 12 12 12 12 12 12 12 12 12 1 1 1 1 1 1 1 
1 1 1 1 1 1 1 1 1 12 12 12 1 1 1 1 1 1 1 12 12 12 12 12 12 12 12 12 1 1 1 1 1 1 1 1 1 1 
1 1 1 1 1 1 1 1 1 12 12 12 1 1 1 1 1 1 1 12 1 1 1 1 12 12 12 1 1 1 1 1 1 1 1 1 1 1 
1 1 1 1 1 1 1 1 1 1 1 12 12 12 12 12 1 1 1 1 1 1 1 1 12 12 12 1 1 1 1 1 1 1 1 1 1 1 
1 1 1 1 1 1 1 1 1 1 1 1 1 1 1 12 12 1 1 1 1 1 1 1 12 12 12 1 1 1 1 12 1 1 1 1 1 1 
1 1 1 1 1 1 1 1 1 1 1 1 1 1 1 1 1 1 1 1 1 1 1 12 12 12 12 12 12 12 12 1 1 1 1 1 1 1 
1 1 1 1 1 1 1 12 1 1 1 1 1 1 1 1 1 1 1 1 1 1 1 12 12 12 12 12 1 1 1 1 1 1 1 1 1 1 
1 1 1 1 1 1 1 12 12 12 12 12 1 1 1 1 1 1 1 1 1 1 12 12 12 12 12 12 1 1 1 1 1 1 1 1 1 1 
1 1 1 1 1 1 1 12 12 12 12 12 12 12 12 12 12 12 12 12 12 12 12 12 12 12 12 12 1 1 1 1 1 1 1 1 1 1 
1 1 1 1 1 1 1 1 12 12 12 12 12 12 12 12 12 12 12 12 12 12 12 12 12 1 1 1 1 1 1 1 1 1 1 1 1 1 
1 1 1 1 1 1 1 1 1 12 12 1 1 1 1 1 1 1 1 1 1 12 12 12 1 1 1 1 1 1 1 1 1 1 1 1 1 1 
1 1 1 1 1 1 1 1 1 12 12 1 1 1 1 1 1 1 1 1 1 1 1 1 1 1 1 1 1 1 1 1 1 1 1 1 1 1 
1 1 1 1 1 1 1 1 1 12 12 1 1 1 1 1 1 1 1 1 1 1 1 1 1 1 1 1 1 1 1 1 1 1 1 1 1 1 
1 1 1 1 1 1 1 1 1 12 12 1 1 1 1 1 1 1 1 1 1 1 1 1 1 1 1 1 1 1 1 1 1 1 1 1 1 1 
1 1 1 1 1 1 1 1 1 12 12 1 1 1 1 1 1 1 1 1 1 1 1 1 1 1 1 1 1 1 1 1 1 1 1 1 1 1 
1 1 1 1 1 1 1 1 12 12 12 12 1 1 1 1 1 1 1 1 1 1 1 1 1 1 1 1 1 1 1 1 1 1 1 1 1 1 
1 1 1 1 1 1 1 1 12 12 12 12 12 12 12 12 12 12 12 12 12 12 1 1 1 1 1 1 1 1 1 1 1 1 1 1 1 1 
1 1 1 1 1 1 1 1 1 1 12 12 12 12 12 12 12 12 12 12 12 12 12 12 12 12 12 12 12 12 12 1 1 1 1 1 1 1 
1 1 1 1 1 1 1 1 1 1 1 1 1 1 12 12 12 12 12 12 12 12 12 12 12 12 12 12 12 12 12 1 1 1 1 1 1 1 
1 1 1 1 1 1 1 1 1 1 12 12 12 1 12 12 1 12 12 12 12 1 1 1 1 1 1 12 12 12 1 1 1 1 1 1 1 1 
1 1 1 1 1 1 1 1 1 1 12 12 12 12 12 12 1 1 1 1 1 1 1 1 1 1 1 12 12 12 1 1 1 1 1 1 1 1 
1 1 1 1 1 1 1 1 1 1 1 1 1 1 1 12 12 12 12 12 12 12 1 1 1 1 1 12 12 12 1 1 1 1 1 1 1 1 
1 1 1 1 1 1 1 1 1 1 1 1 1 1 1 1 1 1 1 1 1 1 1 1 1 1 1 12 12 12 1 1 1 1 1 1 1 1 
1 1 1 1 1 1 1 1 1 1 12 1 1 1 1 1 1 1 1 1 1 1 1 1 1 1 12 12 12 12 12 1 1 1 1 1 1 1 
1 1 1 1 1 1 1 1 12 12 12 12 1 1 1 1 1 1 1 1 1 1 1 1 1 12 12 12 12 12 12 1 1 1 1 1 1 1 
1 1 1 1 1 1 1 12 12 12 12 12 12 12 12 12 12 12 12 12 12 12 12 12 12 12 12 12 12 12 1 1 1 1 1 1 1 1 
1 1 1 1 1 1 1 1 12 12 12 12 12 12 12 12 12 12 12 12 12 12 12 12 12 12 12 12 12 1 1 1 1 1 1 1 1 1 
1 1 1 1 1 1 1 1 1 1 1 1 1 1 1 1 1 1 1 1 1 1 1 1 1 1 1 1 1 1 1 1 1 1 1 1 1 1 
1 1 1 1 1 1 1 1 1 1 1 1 1 1 1 1 1 1 1 1 1 1 1 1 1 1 1 1 1 1 1 1 1 1 1 1 1 1 
1 1 1 1 1 1 1 1 1 1 1 1 1 1 1 1 1 1 1 1 1 1 1 1 1 1 1 1 1 1 1 1 1 1 1 1 1 1 
1 1 1 1 1 1 1 1 1 1 1 1 1 1 1 1 1 1 1 1 1 1 1 1 1 1 1 1 1 1 1 1 1 1 1 1 1 1 
1 1 1 1 1 1 1 1 1 1 1 1 1 1 1 1 1 1 1 1 1 1 1 1 1 1 1 1 1 1 1 1 1 1 1 1 1 1 
