connections=[
		],
events={
	{
		exits:[OLDALE TOWN (0.10),OLDALE TOWN (0.10),		]},
	{
		NPCs:[
			{is_trainer:0,b1:10,b2:0,sprite:83},
			{is_trainer:0,b1:10,b2:0,sprite:34},
			{is_trainer:0,b1:3,b2:0,sprite:7},
		]},
	{
		signs:[
		]},
	{
		triggers:[
		]},

},
[
	[1, 1, 1, 1, 1, 1, 1, 1, 1, 1, 1, ],
	[1, 1, 1, 1, 1, 1, 1, 1, 1, 1, 1, ],
	[12, 12, 1, 12, 12, 12, 12, 12, 12, 12, 12, ],
	[0, 12, 1, 12, 12, 12, 12, 12, 12, 12, 1, ],
	[1, 1, 1, 12, 12, 12, 1, 1, 12, 12, 1, ],
	[12, 12, 12, 12, 12, 12, 1, 1, 12, 12, 1, ],
	[12, 12, 12, 12, 12, 12, 1, 1, 12, 12, 1, ],
	[12, 12, 12, 0, 0, 12, 12, 12, 12, 12, 12, ],
]
