connections=[
		],
events={
	{
		exits:[OLDALE TOWN (0.10),OLDALE TOWN (0.10),OLDALE TOWN (2.3),		]},
	{
		NPCs:[
			{is_trainer:0,b1:8,b2:0,sprite:58},
			{is_trainer:0,b1:8,b2:0,sprite:48},
			{is_trainer:0,b1:10,b2:0,sprite:7},
			{is_trainer:0,b1:10,b2:0,sprite:14},
		]},
	{
		signs:[
		]},
	{
		triggers:[
		]},

},
[
	[1, 1, 1, 1, 1, 1, 1, 1, 1, 1, 1, 1, 1, 1, ],
	[1, 1, 1, 1, 1, 1, 1, 1, 1, 1, 1, 1, 1, 1, ],
	[12, 12, 12, 12, 1, 1, 1, 12, 1, 1, 12, 12, 12, 12, ],
	[12, 12, 12, 12, 1, 1, 1, 1, 1, 1, 12, 12, 12, 12, ],
	[12, 12, 12, 12, 12, 12, 12, 12, 12, 12, 12, 12, 12, 12, ],
	[12, 12, 12, 12, 12, 12, 12, 12, 12, 12, 12, 12, 12, 12, ],
	[13, 16, 0, 12, 12, 12, 12, 12, 12, 12, 12, 1, 1, 12, ],
	[12, 12, 12, 12, 12, 12, 12, 12, 12, 12, 12, 1, 1, 12, ],
	[1, 12, 12, 12, 12, 12, 12, 12, 12, 12, 12, 12, 12, 13, ],
]
