connections=[
		],
events={
	
		'exits':[{'name':'PACIFIDLOG TOWN (0.15)','x':7,'y':8},{'name':'PACIFIDLOG TOWN (0.15)','x':6,'y':8},{'name':'PACIFIDLOG TOWN (7.1)','x':1,'y':6},		],
	
		'NPCs':[
			{'is_trainer':0,'b1':8,'b2':0,'sprite':'58','x':7,'y':2},
			{'is_trainer':0,'b1':9,'b2':0,'sprite':'29','x':10,'y':6},
			{'is_trainer':0,'b1':7,'b2':0,'sprite':'10','x':2,'y':2},
			{'is_trainer':0,'b1':1,'b2':0,'sprite':'16','x':4,'y':5},
			{'is_trainer':0,'b1':7,'b2':0,'sprite':'66','x':12,'y':8},
		],
	
		'signs':[
		],
	
		'triggers':[
		],

},
partial_map=[
	[1, 1, 1, 1, 1, 1, 1, 1, 1, 1, 1, 1, 1, 1, ],
	[1, 1, 1, 1, 1, 1, 1, 1, 1, 1, 1, 1, 1, 1, ],
	[12, 12, 12, 12, 1, 1, 1, 12, 1, 1, 12, 12, 12, 12, ],
	[12, 12, 12, 12, 1, 1, 1, 1, 1, 1, 12, 12, 12, 12, ],
	[12, 12, 12, 12, 12, 12, 12, 12, 12, 12, 12, 12, 12, 12, ],
	[12, 12, 12, 12, 12, 12, 12, 12, 12, 12, 12, 12, 12, 12, ],
	[13, 16, 0, 12, 12, 12, 12, 12, 12, 12, 12, 1, 1, 12, ],
	[12, 12, 12, 12, 12, 12, 12, 12, 12, 12, 12, 1, 1, 12, ],
	[1, 12, 12, 12, 12, 12, 12, 12, 12, 12, 12, 12, 12, 13, ],
]
