connections=[
		],
events={
	{
		exits:[PETALBURG CITY (0.0),PETALBURG CITY (0.0),PETALBURG CITY (8.5),		]},
	{
		NPCs:[
			{is_trainer:0,b1:8,b2:0,sprite:58},
			{is_trainer:0,b1:8,b2:0,sprite:65},
			{is_trainer:0,b1:8,b2:0,sprite:17},
			{is_trainer:0,b1:2,b2:0,sprite:35},
			{is_trainer:0,b1:1,b2:0,sprite:34},
		]},
	{
		signs:[
		]},
	{
		triggers:[
		]},

},
[
	[1, 1, 1, 1, 1, 1, 1, 1, 1, 1, 1, 1, 1, 1, ],
	[1, 1, 1, 1, 1, 1, 1, 1, 1, 1, 1, 1, 1, 1, ],
	[12, 12, 12, 12, 1, 1, 1, 12, 1, 1, 12, 12, 12, 12, ],
	[12, 12, 12, 12, 1, 1, 1, 1, 1, 1, 12, 12, 12, 12, ],
	[12, 12, 12, 12, 12, 12, 12, 12, 12, 12, 12, 12, 12, 12, ],
	[12, 12, 12, 12, 12, 12, 12, 12, 12, 12, 12, 12, 12, 12, ],
	[13, 16, 0, 12, 12, 12, 12, 12, 12, 12, 12, 1, 1, 12, ],
	[12, 12, 12, 12, 12, 12, 12, 12, 12, 12, 12, 1, 1, 12, ],
	[1, 12, 12, 12, 12, 12, 12, 12, 12, 12, 12, 12, 12, 13, ],
]
