connections=[
		],
events={
	{
		exits:[PETALBURG CITY (0.0),PETALBURG CITY (0.0),		]},
	{
		NPCs:[
			{is_trainer:0,b1:2,b2:0,sprite:8},
			{is_trainer:0,b1:8,b2:0,sprite:21},
		]},
	{
		signs:[
		]},
	{
		triggers:[
		]},

},
[
	[1, 1, 1, 1, 1, 1, 1, 1, 1, 1, ],
	[1, 1, 1, 1, 1, 1, 1, 1, 12, 12, ],
	[12, 12, 12, 12, 12, 12, 12, 12, 1, 1, ],
	[12, 12, 12, 12, 12, 12, 12, 12, 12, 12, ],
	[12, 0, 13, 13, 12, 12, 12, 12, 12, 12, ],
	[12, 0, 13, 13, 12, 12, 12, 12, 12, 12, ],
	[12, 12, 12, 12, 12, 12, 12, 12, 12, 12, ],
	[12, 12, 12, 12, 12, 12, 12, 12, 12, 12, ],
	[12, 12, 12, 0, 0, 12, 12, 12, 12, 13, ],
]
