connections=[
		],
events={
	
		'exits':[{'name':'PETALBURG CITY (0.0)','x':3,'y':7},{'name':'PETALBURG CITY (0.0)','x':4,'y':7},		],
	
		'NPCs':[
			{'is_trainer':0,'b1':2,'b2':0,'sprite':'18','x':2,'y':5},
			{'is_trainer':0,'b1':8,'b2':0,'sprite':'38','x':7,'y':5},
		],
	
		'signs':[
		],
	
		'triggers':[
		],

},
partial_map=[
	[1, 1, 1, 1, 1, 1, 1, 1, 1, 1, ],
	[1, 1, 1, 1, 1, 1, 1, 1, 1, 1, ],
	[12, 12, 12, 12, 12, 12, 12, 12, 12, 12, ],
	[13, 13, 12, 12, 12, 12, 12, 12, 12, 12, ],
	[13, 13, 12, 12, 12, 12, 12, 12, 1, 1, ],
	[12, 12, 12, 12, 12, 12, 12, 12, 1, 1, ],
	[12, 12, 12, 12, 12, 12, 12, 12, 12, 12, ],
	[12, 12, 12, 0, 0, 12, 12, 12, 12, 12, ],
]
