connections=[
			{left:ROUTE 107 (0.22)},
			{right:ROUTE 109 (0.24)},
		],
events={
	{
		exits:[ABANDONED SHIP (24.54),		]},
	{
		NPCs:[
			{is_trainer:1,b1:45,b2:0,sprite:42},
			{is_trainer:1,b1:13,b2:0,sprite:43},
			{is_trainer:1,b1:24,b2:0,sprite:42},
			{is_trainer:1,b1:20,b2:0,sprite:43},
			{is_trainer:1,b1:10,b2:0,sprite:34},
			{is_trainer:1,b1:9,b2:0,sprite:49},
			{is_trainer:0,b1:1,b2:0,sprite:59},
		]},
	{
		signs:[
			{x:38,y:14},
		]},
	{
		triggers:[
		]},

},
[
	[4, 4, 4, 4, 4, 4, 4, 4, 4, 4, 4, 4, 4, 4, 4, 4, 1, 1, 4, 4, 4, 12, 12, 12, 12, 12, 12, 12, 12, 12, 12, 12, 12, 4, 4, 4, 4, 4, 4, 4, 4, 4, 4, 4, 4, 4, 4, 1, 1, 4, 4, 4, 4, 4, 4, 4, 4, 4, 4, 4, ],
	[1, 1, 4, 4, 4, 4, 4, 4, 4, 4, 4, 4, 4, 4, 4, 4, 1, 1, 4, 4, 12, 12, 13, 12, 12, 13, 13, 12, 13, 13, 13, 12, 12, 1, 1, 4, 4, 4, 4, 4, 4, 4, 4, 4, 4, 4, 4, 1, 1, 4, 4, 4, 4, 4, 4, 4, 4, 4, 1, 1, ],
	[1, 1, 4, 12, 12, 4, 4, 1, 1, 4, 4, 4, 4, 4, 4, 4, 4, 4, 1, 1, 13, 13, 12, 13, 13, 13, 13, 13, 12, 13, 13, 13, 13, 5, 1, 4, 4, 4, 12, 12, 12, 12, 12, 12, 12, 4, 4, 1, 1, 4, 4, 1, 1, 4, 1, 1, 1, 1, 1, 1, ],
	[4, 1, 1, 13, 13, 1, 1, 1, 1, 4, 12, 12, 4, 4, 1, 1, 4, 4, 1, 1, 13, 13, 12, 12, 12, 13, 13, 12, 12, 12, 12, 12, 13, 4, 4, 1, 1, 1, 1, 13, 13, 12, 13, 12, 13, 1, 1, 1, 1, 4, 4, 1, 1, 4, 1, 1, 1, 1, 4, 4, ],
	[4, 1, 1, 13, 13, 5, 1, 4, 1, 1, 13, 13, 1, 1, 1, 1, 1, 1, 4, 4, 4, 4, 4, 4, 4, 13, 13, 13, 1, 1, 1, 13, 5, 4, 4, 1, 1, 1, 1, 13, 13, 13, 12, 13, 12, 1, 1, 4, 4, 1, 1, 4, 1, 1, 4, 4, 4, 4, 4, 4, ],
	[4, 4, 4, 4, 4, 4, 4, 4, 1, 1, 13, 13, 5, 1, 4, 4, 1, 1, 4, 4, 4, 4, 4, 4, 4, 4, 12, 5, 1, 1, 1, 5, 5, 4, 4, 4, 4, 4, 4, 4, 12, 12, 12, 12, 4, 4, 4, 4, 4, 1, 1, 4, 1, 1, 4, 4, 4, 4, 4, 4, ],
	[4, 4, 4, 4, 4, 4, 4, 4, 4, 4, 4, 4, 4, 4, 4, 4, 4, 4, 4, 4, 4, 4, 4, 4, 4, 4, 4, 4, 12, 12, 12, 4, 4, 4, 4, 4, 4, 4, 4, 4, 4, 4, 4, 4, 4, 4, 4, 4, 4, 4, 4, 4, 4, 4, 4, 4, 4, 4, 4, 4, ],
	[4, 4, 4, 4, 4, 4, 4, 4, 4, 4, 4, 4, 4, 4, 4, 4, 4, 4, 4, 4, 4, 4, 4, 4, 4, 4, 4, 4, 4, 4, 4, 4, 4, 4, 4, 4, 4, 4, 4, 4, 4, 4, 4, 4, 4, 4, 4, 4, 4, 4, 4, 4, 4, 4, 4, 4, 4, 4, 4, 4, ],
	[4, 4, 4, 4, 4, 4, 4, 4, 4, 4, 4, 4, 4, 4, 4, 4, 4, 4, 4, 4, 4, 4, 4, 4, 4, 4, 4, 4, 4, 4, 4, 4, 4, 4, 4, 4, 4, 4, 4, 4, 4, 4, 4, 4, 4, 4, 4, 4, 4, 4, 4, 4, 4, 4, 4, 4, 4, 4, 4, 4, ],
	[4, 4, 4, 4, 4, 4, 4, 4, 4, 4, 4, 4, 4, 4, 4, 4, 4, 4, 4, 4, 4, 4, 4, 4, 4, 4, 4, 4, 4, 4, 4, 4, 4, 4, 4, 4, 4, 4, 4, 4, 4, 4, 4, 4, 4, 4, 4, 4, 4, 4, 4, 4, 4, 4, 4, 4, 4, 4, 4, 4, ],
	[4, 4, 4, 4, 4, 4, 4, 4, 4, 4, 4, 4, 4, 4, 4, 4, 4, 4, 4, 4, 4, 4, 4, 4, 4, 4, 4, 4, 4, 4, 4, 4, 4, 4, 4, 4, 4, 4, 4, 4, 4, 4, 4, 4, 4, 4, 4, 4, 4, 4, 4, 4, 4, 4, 4, 4, 4, 4, 4, 4, ],
	[4, 4, 4, 4, 4, 4, 4, 4, 4, 4, 4, 4, 4, 4, 4, 4, 4, 4, 4, 4, 4, 4, 4, 4, 4, 4, 4, 4, 4, 4, 4, 4, 4, 4, 4, 4, 4, 4, 4, 4, 4, 4, 4, 4, 4, 4, 4, 4, 4, 4, 4, 4, 4, 4, 4, 4, 4, 4, 4, 4, ],
	[4, 4, 4, 4, 4, 4, 4, 4, 4, 4, 4, 4, 4, 4, 4, 4, 4, 4, 4, 4, 4, 4, 4, 4, 4, 1, 1, 4, 4, 4, 4, 4, 4, 4, 4, 4, 4, 4, 4, 4, 4, 1, 1, 4, 4, 12, 12, 4, 4, 4, 4, 4, 4, 4, 4, 4, 4, 4, 4, 4, ],
	[4, 4, 4, 1, 1, 4, 4, 4, 4, 4, 4, 4, 4, 4, 4, 4, 4, 4, 4, 4, 4, 4, 4, 4, 4, 1, 1, 4, 4, 4, 4, 4, 4, 4, 4, 4, 4, 12, 12, 4, 4, 1, 1, 4, 12, 13, 12, 12, 4, 4, 4, 4, 4, 4, 4, 4, 4, 4, 4, 4, ],
	[4, 4, 4, 1, 1, 4, 4, 4, 4, 4, 4, 4, 4, 4, 4, 4, 4, 4, 4, 4, 12, 12, 12, 4, 4, 4, 4, 4, 1, 1, 4, 4, 1, 1, 4, 4, 4, 4, 13, 4, 4, 4, 4, 4, 12, 13, 12, 12, 4, 4, 4, 4, 12, 12, 4, 4, 4, 4, 4, 4, ],
	[4, 1, 1, 4, 4, 1, 1, 1, 1, 4, 4, 4, 4, 4, 4, 12, 12, 4, 4, 4, 4, 13, 12, 4, 4, 4, 1, 1, 1, 1, 1, 1, 1, 1, 4, 4, 4, 4, 4, 4, 1, 1, 4, 4, 4, 4, 4, 4, 4, 4, 1, 1, 13, 13, 1, 1, 4, 4, 4, 4, ],
	[4, 1, 1, 4, 4, 1, 1, 1, 1, 1, 1, 4, 4, 1, 1, 13, 13, 1, 1, 4, 4, 4, 4, 4, 1, 1, 1, 1, 4, 4, 1, 1, 4, 1, 1, 4, 4, 1, 1, 4, 1, 1, 1, 1, 4, 4, 1, 1, 1, 1, 1, 1, 13, 13, 5, 1, 4, 4, 4, 4, ],
	[1, 1, 4, 4, 4, 4, 4, 4, 4, 1, 1, 1, 1, 1, 1, 13, 13, 5, 1, 4, 1, 1, 1, 1, 1, 1, 4, 4, 4, 4, 4, 4, 4, 1, 1, 1, 1, 1, 1, 1, 1, 4, 1, 1, 1, 1, 1, 1, 1, 1, 4, 4, 4, 4, 4, 4, 1, 1, 1, 1, ],
	[1, 1, 4, 4, 4, 4, 4, 4, 4, 4, 4, 1, 1, 4, 4, 4, 4, 4, 1, 1, 1, 1, 1, 1, 4, 4, 4, 1, 1, 4, 4, 4, 4, 4, 4, 1, 1, 4, 4, 1, 1, 4, 4, 4, 1, 1, 4, 4, 4, 4, 4, 1, 1, 4, 4, 4, 1, 1, 1, 1, ],
	[4, 4, 4, 4, 4, 4, 4, 4, 4, 4, 4, 4, 4, 4, 4, 4, 4, 4, 1, 1, 4, 4, 4, 4, 4, 4, 4, 1, 1, 4, 4, 4, 4, 4, 4, 4, 4, 4, 4, 4, 4, 4, 4, 4, 4, 4, 4, 4, 4, 4, 4, 1, 1, 4, 4, 4, 4, 4, 4, 4, ],
]
