connections=[
		],
events={
	
		'exits':[{'name':'ROUTE 114 (0.29)','x':4,'y':7},{'name':'ROUTE 114 (0.29)','x':5,'y':7},{'name':'ROUTE 114 (20.1)','x':4,'y':1},		],
	
		'NPCs':[
			{'is_trainer':0,'b1':8,'b2':0,'sprite':'5','x':3,'y':2},
		],
	
		'signs':[
			{'x':5,'y':3},
			{'x':6,'y':3},
			{'x':7,'y':2},
			{'x':8,'y':2},
		],
	
		'triggers':[
		],

},
partial_map=[
	[1, 1, 1, 1, 1, 1, 1, 1, 1, 1, ],
	[1, 1, 1, 1, 0, 13, 1, 1, 1, 1, ],
	[12, 12, 12, 12, 12, 12, 12, 1, 1, 12, ],
	[12, 12, 12, 12, 12, 13, 13, 12, 12, 12, ],
	[12, 1, 1, 12, 12, 12, 12, 12, 12, 12, ],
	[12, 1, 1, 12, 12, 12, 12, 12, 12, 12, ],
	[12, 12, 12, 12, 12, 12, 12, 12, 12, 12, ],
	[12, 12, 12, 12, 0, 0, 12, 12, 12, 12, ],
]
