connections=[
			{'left':'SLATEPORT CITY (0.1)'},
			{'right':'ROUTE 133 (0.48)'},
		],
events={
	
		'exits':[		],
	
		'NPCs':[
			{'is_trainer':1,'b1':49,'b2':0,'sprite':'42','x':49,'y':9},
			{'is_trainer':1,'b1':1,'b2':0,'sprite':'43','x':58,'y':7},
			{'is_trainer':1,'b1':10,'b2':0,'sprite':'33','x':41,'y':23},
			{'is_trainer':1,'b1':26,'b2':0,'sprite':'66','x':24,'y':23},
			{'is_trainer':1,'b1':27,'b2':0,'sprite':'44','x':49,'y':16},
			{'is_trainer':1,'b1':9,'b2':0,'sprite':'34','x':43,'y':23},
			{'is_trainer':1,'b1':25,'b2':0,'sprite':'49','x':24,'y':30},
			{'is_trainer':1,'b1':28,'b2':0,'sprite':'14','x':50,'y':16},
			{'is_trainer':1,'b1':18,'b2':0,'sprite':'49','x':63,'y':14},
			{'is_trainer':0,'b1':1,'b2':0,'sprite':'59','x':50,'y':17},
			{'is_trainer':0,'b1':1,'b2':0,'sprite':'59','x':22,'y':27},
		],
	
		'signs':[
		],
	
		'triggers':[
		],

},
partial_map=[
	[4, 4, 4, 4, 4, 4, 4, 4, 4, 4, 4, 4, 4, 4, 4, 4, 4, 4, 4, 4, 4, 4, 4, 1, 1, 4, 4, 4, 4, 1, 1, 4, 4, 4, 4, 4, 4, 1, 1, 1, 1, 4, 4, 4, 4, 4, 4, 4, 1, 1, 1, 1, 4, 4, 1, 1, 4, 4, 4, 1, 1, 1, 1, 1, 1, 1, 1, 4, 4, 1, 1, 4, 4, 4, 4, 4, 4, 4, 1, 1, ],
	[4, 4, 4, 4, 4, 4, 4, 4, 4, 4, 1, 1, 4, 4, 1, 1, 1, 1, 4, 1, 1, 1, 4, 1, 1, 4, 4, 1, 1, 1, 1, 1, 1, 4, 4, 1, 1, 1, 1, 1, 1, 1, 1, 4, 4, 1, 1, 4, 1, 1, 1, 1, 1, 1, 1, 1, 4, 1, 1, 1, 1, 1, 1, 1, 1, 1, 1, 1, 1, 1, 1, 1, 1, 4, 4, 1, 1, 4, 1, 1, ],
	[4, 4, 4, 4, 4, 4, 1, 1, 4, 4, 1, 1, 1, 1, 1, 1, 1, 1, 4, 5, 4, 1, 1, 1, 4, 1, 1, 1, 1, 4, 4, 1, 1, 1, 1, 1, 1, 4, 4, 4, 4, 1, 1, 1, 1, 1, 1, 1, 1, 4, 4, 4, 1, 1, 4, 1, 1, 1, 1, 4, 12, 12, 12, 12, 12, 12, 4, 1, 1, 4, 4, 1, 1, 1, 1, 1, 1, 1, 1, 4, ],
	[4, 1, 1, 4, 4, 4, 1, 1, 1, 1, 1, 4, 1, 1, 4, 4, 4, 1, 1, 5, 5, 5, 1, 1, 4, 1, 1, 4, 4, 4, 4, 4, 4, 1, 1, 4, 4, 4, 4, 4, 4, 4, 4, 1, 1, 4, 4, 1, 1, 4, 4, 4, 4, 4, 4, 1, 1, 4, 4, 4, 12, 1, 1, 1, 1, 12, 12, 12, 12, 12, 12, 12, 4, 1, 1, 4, 4, 1, 1, 4, ],
	[4, 1, 1, 4, 1, 1, 1, 4, 1, 4, 5, 4, 4, 4, 4, 4, 4, 1, 1, 4, 4, 4, 4, 4, 4, 4, 4, 4, 12, 12, 4, 4, 4, 4, 4, 4, 4, 4, 4, 4, 4, 4, 4, 4, 4, 4, 4, 4, 4, 4, 4, 4, 4, 4, 4, 4, 4, 4, 4, 4, 4, 1, 1, 1, 1, 1, 1, 1, 1, 1, 1, 12, 4, 4, 4, 4, 4, 4, 4, 4, ],
	[1, 1, 4, 1, 1, 4, 1, 4, 5, 5, 5, 4, 4, 4, 4, 4, 4, 4, 4, 4, 4, 4, 4, 4, 4, 4, 4, 4, 12, 12, 12, 4, 4, 4, 4, 4, 4, 4, 4, 4, 4, 4, 4, 4, 4, 4, 4, 4, 4, 4, 4, 4, 4, 4, 4, 4, 4, 4, 4, 4, 4, 4, 4, 4, 12, 1, 1, 1, 1, 1, 1, 4, 4, 4, 4, 4, 4, 4, 4, 4, ],
	[1, 1, 4, 1, 4, 5, 5, 4, 4, 4, 4, 4, 4, 4, 4, 4, 4, 4, 4, 4, 4, 4, 4, 4, 4, 4, 4, 4, 12, 12, 12, 12, 4, 4, 4, 4, 4, 4, 4, 4, 4, 4, 4, 4, 4, 4, 4, 4, 4, 4, 4, 4, 4, 4, 4, 4, 4, 4, 4, 4, 4, 4, 4, 4, 4, 4, 4, 4, 4, 4, 4, 4, 4, 4, 4, 4, 4, 4, 4, 4, ],
	[4, 4, 4, 5, 5, 5, 4, 4, 4, 4, 4, 4, 4, 4, 4, 4, 4, 4, 4, 4, 4, 4, 4, 12, 12, 4, 4, 4, 12, 12, 12, 12, 12, 4, 4, 4, 4, 4, 4, 4, 4, 4, 4, 4, 4, 4, 4, 4, 4, 4, 4, 4, 4, 4, 4, 4, 4, 4, 4, 4, 4, 4, 4, 4, 4, 4, 4, 4, 4, 4, 4, 4, 4, 4, 4, 4, 4, 4, 4, 4, ],
	[4, 4, 4, 4, 4, 4, 4, 4, 4, 4, 4, 4, 4, 4, 4, 4, 4, 4, 4, 4, 4, 4, 4, 12, 12, 4, 4, 4, 12, 12, 12, 12, 12, 4, 4, 4, 4, 4, 4, 4, 4, 4, 4, 4, 4, 4, 4, 4, 4, 4, 4, 4, 4, 4, 4, 4, 4, 4, 4, 4, 4, 4, 4, 4, 4, 4, 4, 12, 12, 12, 12, 4, 4, 4, 4, 4, 4, 4, 4, 4, ],
	[4, 4, 4, 4, 4, 4, 4, 4, 4, 4, 4, 4, 4, 4, 4, 4, 4, 4, 4, 4, 4, 4, 4, 12, 12, 12, 4, 4, 1, 1, 1, 12, 12, 4, 4, 1, 1, 4, 4, 4, 4, 4, 4, 4, 4, 4, 4, 4, 4, 4, 4, 4, 4, 4, 4, 4, 4, 4, 4, 4, 4, 4, 4, 4, 12, 12, 12, 1, 1, 1, 1, 4, 4, 4, 4, 4, 4, 4, 4, 4, ],
	[4, 4, 4, 4, 4, 4, 4, 4, 4, 4, 4, 4, 4, 4, 4, 4, 4, 4, 4, 4, 4, 4, 4, 12, 12, 12, 4, 4, 1, 1, 1, 1, 4, 4, 4, 1, 1, 4, 1, 1, 4, 4, 4, 4, 4, 4, 4, 4, 4, 4, 4, 4, 4, 4, 4, 4, 4, 4, 4, 4, 4, 4, 4, 12, 1, 1, 1, 1, 1, 1, 1, 4, 4, 4, 4, 4, 4, 4, 4, 4, ],
	[4, 4, 4, 4, 4, 4, 4, 4, 4, 4, 4, 4, 4, 4, 4, 4, 4, 4, 4, 4, 4, 4, 12, 12, 12, 12, 4, 4, 1, 1, 1, 1, 4, 4, 4, 4, 4, 4, 1, 1, 4, 4, 4, 4, 4, 4, 4, 4, 4, 4, 4, 4, 4, 4, 4, 4, 4, 4, 4, 4, 4, 12, 12, 1, 1, 1, 1, 1, 1, 4, 4, 4, 4, 4, 4, 4, 4, 4, 4, 4, ],
	[4, 4, 4, 4, 4, 4, 4, 4, 4, 4, 4, 4, 4, 4, 4, 4, 4, 4, 4, 4, 4, 12, 12, 12, 12, 12, 4, 4, 4, 1, 1, 12, 12, 12, 12, 12, 12, 12, 12, 12, 4, 4, 4, 4, 4, 4, 4, 4, 4, 4, 4, 4, 4, 4, 4, 4, 4, 4, 4, 4, 12, 1, 1, 0, 1, 1, 12, 12, 12, 4, 4, 4, 4, 4, 4, 4, 4, 4, 4, 4, ],
	[4, 4, 4, 4, 4, 4, 4, 4, 4, 4, 4, 4, 4, 4, 4, 4, 4, 4, 4, 4, 4, 12, 12, 1, 1, 12, 4, 4, 4, 1, 1, 12, 12, 12, 12, 12, 12, 12, 12, 12, 12, 12, 12, 4, 4, 4, 4, 4, 4, 4, 4, 4, 4, 4, 4, 4, 4, 4, 4, 4, 1, 0, 1, 1, 1, 12, 12, 12, 4, 4, 4, 4, 4, 4, 4, 4, 4, 4, 4, 4, ],
	[4, 4, 4, 4, 4, 4, 4, 4, 4, 4, 4, 4, 4, 4, 4, 4, 4, 4, 4, 4, 12, 12, 12, 1, 1, 12, 4, 4, 4, 4, 12, 12, 1, 1, 1, 1, 1, 1, 12, 12, 12, 12, 12, 12, 12, 12, 12, 12, 12, 12, 12, 12, 12, 12, 12, 12, 12, 12, 12, 12, 1, 1, 1, 12, 12, 12, 12, 12, 4, 4, 4, 4, 4, 4, 4, 4, 4, 4, 4, 4, ],
	[1, 1, 4, 4, 4, 4, 4, 4, 4, 4, 4, 4, 4, 4, 4, 4, 4, 4, 4, 4, 12, 12, 12, 12, 12, 12, 4, 4, 4, 4, 4, 12, 1, 1, 1, 1, 1, 1, 12, 1, 1, 12, 12, 12, 12, 12, 12, 12, 12, 12, 12, 12, 12, 12, 12, 12, 12, 1, 1, 12, 1, 1, 12, 12, 12, 12, 12, 4, 4, 4, 4, 4, 4, 4, 4, 4, 4, 4, 4, 4, ],
	[1, 1, 1, 1, 4, 4, 4, 4, 4, 4, 4, 4, 4, 4, 4, 4, 4, 4, 4, 4, 12, 12, 1, 1, 12, 12, 4, 4, 4, 4, 4, 4, 4, 4, 4, 4, 4, 4, 4, 1, 1, 1, 1, 12, 12, 12, 12, 12, 12, 12, 12, 12, 12, 12, 12, 12, 12, 1, 1, 1, 1, 12, 12, 12, 12, 12, 4, 4, 4, 4, 4, 4, 4, 4, 4, 4, 4, 4, 4, 4, ],
	[4, 4, 1, 1, 1, 1, 1, 1, 4, 4, 4, 4, 4, 4, 4, 4, 4, 4, 4, 4, 4, 4, 1, 1, 12, 12, 4, 4, 4, 4, 4, 4, 4, 4, 4, 4, 4, 4, 4, 4, 4, 1, 1, 12, 12, 12, 12, 12, 12, 12, 12, 12, 12, 12, 12, 12, 12, 12, 12, 1, 1, 12, 12, 12, 4, 4, 4, 4, 4, 4, 4, 4, 4, 4, 4, 4, 4, 4, 4, 4, ],
	[4, 4, 4, 4, 1, 4, 4, 1, 1, 5, 4, 4, 4, 4, 4, 4, 4, 4, 4, 4, 4, 4, 4, 4, 4, 4, 4, 4, 4, 4, 4, 4, 4, 4, 4, 4, 4, 4, 4, 4, 4, 4, 4, 4, 4, 4, 4, 4, 4, 4, 4, 4, 4, 4, 4, 4, 4, 4, 4, 4, 4, 4, 4, 4, 4, 4, 4, 4, 4, 4, 4, 4, 4, 4, 4, 4, 4, 4, 4, 4, ],
	[4, 4, 4, 4, 5, 5, 4, 4, 4, 5, 4, 4, 4, 4, 4, 4, 4, 4, 4, 4, 4, 4, 4, 4, 4, 4, 4, 4, 4, 4, 4, 4, 4, 4, 4, 4, 4, 4, 4, 4, 4, 4, 4, 4, 4, 4, 4, 4, 4, 4, 4, 4, 4, 4, 4, 4, 4, 4, 4, 4, 4, 4, 4, 4, 4, 4, 4, 4, 4, 4, 4, 4, 4, 4, 4, 4, 4, 4, 4, 4, ],
	[4, 4, 4, 4, 4, 5, 5, 5, 5, 1, 4, 4, 4, 4, 4, 4, 4, 4, 4, 4, 4, 4, 4, 4, 4, 4, 4, 4, 4, 4, 4, 4, 4, 4, 4, 4, 4, 4, 4, 4, 4, 4, 4, 4, 4, 4, 4, 4, 4, 4, 4, 4, 4, 4, 4, 4, 4, 4, 4, 4, 4, 4, 4, 4, 4, 4, 4, 4, 4, 4, 4, 4, 4, 4, 4, 4, 4, 4, 4, 4, ],
	[4, 4, 4, 4, 4, 4, 4, 4, 4, 1, 1, 4, 4, 4, 4, 4, 4, 4, 4, 4, 4, 4, 4, 4, 4, 4, 4, 4, 4, 4, 4, 4, 4, 4, 4, 4, 4, 4, 4, 4, 4, 4, 4, 4, 4, 4, 4, 4, 4, 4, 4, 4, 4, 4, 4, 4, 4, 4, 4, 4, 4, 4, 4, 4, 4, 4, 4, 4, 4, 4, 4, 4, 4, 4, 4, 4, 4, 4, 4, 4, ],
	[4, 4, 4, 4, 4, 4, 4, 4, 4, 1, 1, 4, 4, 4, 4, 4, 4, 4, 4, 4, 4, 4, 4, 4, 12, 12, 12, 12, 12, 4, 4, 4, 4, 4, 1, 1, 4, 4, 4, 4, 4, 12, 12, 12, 4, 4, 4, 1, 1, 1, 1, 4, 4, 4, 4, 4, 4, 4, 1, 1, 1, 1, 4, 4, 4, 4, 4, 4, 4, 4, 4, 4, 4, 4, 4, 4, 4, 4, 4, 4, ],
	[4, 4, 4, 4, 4, 4, 4, 4, 4, 1, 1, 5, 4, 4, 4, 4, 4, 4, 4, 4, 4, 4, 4, 12, 12, 12, 12, 12, 12, 12, 4, 4, 4, 4, 1, 1, 1, 1, 4, 4, 4, 12, 12, 12, 4, 1, 1, 1, 1, 1, 1, 4, 4, 4, 4, 1, 1, 4, 1, 1, 1, 1, 4, 4, 4, 4, 4, 4, 4, 4, 4, 4, 4, 4, 4, 4, 4, 4, 4, 4, ],
	[4, 4, 4, 4, 4, 4, 4, 4, 4, 1, 4, 5, 4, 4, 4, 4, 4, 4, 4, 4, 4, 4, 4, 12, 12, 12, 12, 12, 12, 12, 12, 4, 4, 4, 4, 4, 1, 1, 1, 1, 4, 4, 4, 4, 4, 1, 1, 4, 4, 4, 4, 4, 4, 1, 1, 1, 1, 4, 4, 4, 4, 4, 4, 4, 4, 4, 4, 4, 4, 4, 4, 4, 4, 4, 4, 4, 4, 4, 4, 4, ],
	[4, 4, 4, 4, 4, 4, 4, 4, 4, 5, 5, 1, 4, 4, 4, 4, 4, 4, 4, 4, 4, 4, 12, 12, 12, 12, 12, 12, 12, 12, 12, 4, 4, 4, 4, 1, 1, 4, 1, 1, 1, 1, 4, 4, 4, 1, 1, 4, 4, 4, 4, 4, 4, 1, 1, 4, 1, 1, 4, 4, 1, 1, 4, 4, 4, 4, 4, 4, 4, 4, 4, 4, 4, 4, 4, 4, 4, 4, 4, 4, ],
	[4, 4, 4, 4, 4, 4, 4, 4, 4, 4, 1, 1, 1, 1, 5, 4, 4, 4, 4, 4, 4, 4, 12, 12, 12, 1, 1, 12, 12, 12, 12, 4, 4, 4, 4, 1, 1, 4, 4, 4, 1, 1, 4, 4, 4, 1, 1, 4, 1, 1, 4, 4, 4, 4, 4, 4, 1, 1, 4, 4, 1, 1, 4, 4, 4, 4, 4, 4, 4, 4, 4, 4, 4, 4, 4, 4, 4, 12, 12, 12, ],
	[4, 4, 4, 4, 4, 4, 4, 4, 4, 4, 1, 1, 1, 4, 1, 5, 4, 4, 4, 4, 4, 4, 12, 12, 12, 1, 1, 12, 12, 12, 4, 4, 4, 4, 4, 4, 4, 4, 4, 4, 4, 1, 1, 4, 1, 1, 4, 4, 1, 1, 4, 4, 4, 4, 4, 4, 4, 4, 4, 4, 4, 4, 4, 4, 4, 4, 4, 4, 4, 4, 4, 4, 4, 4, 4, 4, 12, 12, 12, 12, ],
	[4, 4, 4, 4, 4, 4, 4, 4, 4, 4, 4, 4, 5, 5, 4, 5, 4, 4, 4, 4, 4, 4, 12, 12, 12, 12, 12, 12, 12, 4, 4, 4, 4, 4, 4, 1, 1, 4, 4, 4, 4, 1, 1, 4, 1, 1, 4, 4, 4, 1, 1, 4, 4, 1, 1, 1, 1, 4, 4, 4, 4, 4, 4, 4, 4, 1, 1, 4, 4, 4, 4, 4, 4, 4, 4, 12, 12, 12, 12, 12, ],
	[4, 4, 4, 4, 4, 4, 4, 4, 4, 4, 4, 4, 4, 5, 5, 1, 4, 4, 4, 4, 4, 4, 12, 12, 12, 12, 12, 12, 12, 4, 4, 4, 4, 4, 4, 1, 1, 1, 1, 4, 4, 1, 1, 4, 4, 4, 4, 1, 1, 1, 1, 4, 4, 1, 1, 1, 1, 4, 4, 4, 4, 4, 4, 4, 4, 1, 1, 4, 4, 4, 4, 4, 4, 4, 4, 12, 12, 12, 12, 12, ],
	[4, 4, 4, 4, 4, 4, 4, 4, 4, 4, 4, 4, 4, 1, 1, 4, 4, 4, 4, 4, 4, 4, 4, 12, 12, 12, 12, 12, 4, 4, 4, 4, 4, 4, 4, 4, 4, 1, 1, 4, 4, 1, 1, 1, 1, 1, 1, 1, 1, 4, 4, 4, 1, 1, 4, 4, 4, 4, 4, 4, 4, 4, 4, 4, 4, 4, 4, 4, 4, 4, 4, 4, 4, 4, 4, 12, 12, 12, 12, 12, ],
	[4, 4, 4, 4, 4, 4, 4, 4, 4, 4, 4, 4, 4, 1, 1, 4, 4, 4, 4, 4, 4, 4, 4, 4, 12, 12, 12, 4, 4, 4, 4, 4, 4, 4, 4, 4, 4, 4, 1, 1, 4, 4, 4, 1, 1, 1, 1, 4, 4, 4, 1, 1, 1, 1, 4, 4, 4, 4, 4, 4, 4, 4, 4, 4, 4, 4, 4, 4, 4, 4, 4, 4, 4, 4, 4, 12, 12, 12, 12, 12, ],
	[4, 4, 4, 4, 4, 4, 4, 4, 4, 4, 4, 4, 4, 4, 1, 1, 4, 4, 4, 4, 4, 4, 4, 4, 4, 4, 4, 4, 4, 4, 1, 1, 4, 4, 4, 4, 4, 4, 1, 1, 4, 4, 4, 4, 4, 4, 4, 4, 1, 1, 1, 1, 4, 4, 4, 4, 4, 4, 4, 4, 4, 4, 4, 4, 4, 4, 4, 4, 4, 4, 4, 4, 4, 4, 4, 12, 12, 12, 12, 12, ],
	[4, 4, 4, 4, 4, 4, 4, 4, 4, 4, 4, 4, 4, 4, 1, 1, 1, 1, 1, 1, 4, 4, 4, 4, 4, 4, 4, 4, 1, 1, 1, 1, 4, 4, 4, 4, 4, 4, 4, 4, 4, 4, 4, 4, 1, 1, 4, 4, 1, 1, 4, 4, 4, 4, 4, 4, 4, 4, 4, 4, 4, 4, 4, 4, 4, 4, 4, 4, 4, 4, 4, 4, 4, 4, 4, 12, 12, 12, 12, 12, ],
	[4, 4, 4, 4, 4, 4, 4, 4, 4, 4, 4, 4, 4, 4, 4, 4, 1, 1, 1, 1, 1, 1, 1, 1, 1, 1, 4, 4, 1, 1, 4, 4, 4, 4, 4, 4, 4, 4, 4, 4, 4, 4, 4, 4, 1, 1, 4, 4, 4, 4, 4, 4, 4, 4, 4, 1, 1, 4, 4, 4, 4, 4, 4, 4, 4, 1, 1, 4, 4, 4, 4, 4, 4, 4, 4, 12, 12, 12, 12, 12, ],
	[4, 4, 4, 4, 4, 4, 4, 4, 4, 4, 4, 4, 4, 4, 4, 4, 4, 4, 4, 4, 1, 1, 1, 1, 1, 1, 4, 4, 4, 4, 4, 4, 1, 1, 4, 4, 4, 4, 4, 4, 4, 1, 1, 4, 4, 4, 4, 4, 4, 4, 4, 4, 4, 4, 4, 1, 1, 4, 4, 4, 4, 4, 4, 4, 4, 1, 1, 4, 4, 4, 4, 4, 4, 4, 4, 4, 4, 4, 4, 4, ],
	[4, 4, 4, 4, 4, 4, 4, 4, 4, 4, 4, 4, 4, 4, 4, 4, 4, 4, 4, 4, 4, 4, 4, 4, 4, 1, 1, 1, 1, 5, 1, 1, 1, 1, 4, 4, 4, 4, 4, 1, 1, 1, 1, 1, 1, 4, 4, 1, 1, 4, 4, 4, 1, 1, 4, 4, 4, 4, 4, 4, 4, 4, 4, 4, 4, 4, 4, 4, 4, 1, 1, 4, 4, 1, 1, 4, 4, 4, 1, 1, ],
	[4, 4, 4, 4, 4, 4, 4, 4, 4, 4, 4, 4, 4, 4, 4, 4, 4, 4, 4, 4, 4, 4, 4, 4, 4, 1, 1, 1, 4, 5, 1, 1, 4, 1, 1, 4, 4, 1, 1, 1, 1, 4, 4, 1, 1, 1, 1, 1, 1, 4, 1, 1, 1, 1, 1, 1, 4, 4, 4, 4, 1, 1, 4, 4, 4, 4, 4, 4, 4, 1, 1, 1, 1, 1, 1, 4, 1, 1, 1, 1, ],
	[4, 4, 4, 4, 4, 4, 4, 4, 4, 4, 4, 4, 4, 4, 4, 4, 4, 4, 4, 4, 4, 4, 4, 4, 4, 4, 4, 5, 5, 1, 4, 4, 4, 1, 1, 1, 1, 1, 1, 4, 4, 4, 4, 4, 4, 1, 1, 4, 1, 1, 1, 1, 4, 4, 1, 1, 1, 1, 1, 1, 1, 1, 1, 1, 1, 1, 1, 1, 1, 1, 4, 1, 1, 4, 1, 1, 1, 1, 4, 4, ],
	[4, 4, 4, 4, 4, 4, 4, 4, 4, 4, 4, 4, 4, 4, 4, 4, 4, 4, 4, 4, 4, 4, 4, 4, 4, 4, 4, 4, 4, 4, 4, 4, 4, 4, 4, 1, 1, 4, 4, 4, 4, 4, 4, 4, 4, 4, 4, 4, 1, 1, 4, 4, 4, 4, 4, 4, 1, 1, 1, 1, 4, 4, 1, 1, 1, 1, 1, 1, 1, 1, 4, 4, 4, 4, 1, 1, 4, 4, 4, 4, ],
]
