Connections;down:OLDALE TOWN (0.10);right:ROUTE 110 (0.25);
Exits;ALTERING CAVE (24.106);
1 1 1 1 1 1 1 1 1 1 1 1 1 1 1 1 1 1 1 1 1 1 1 1 1 1 4 4 4 4 4 4 4 4 4 4 4 4 1 1 1 1 1 1 1 1 1 1 1 1 1 1 1 1 1 1 1 1 1 1 1 1 1 1 1 1 1 1 1 1 1 1 1 1 1 1 1 1 1 1 
1 1 1 1 1 1 1 1 1 1 1 1 1 1 1 1 1 1 1 1 1 1 1 1 1 1 4 5 5 4 4 4 4 4 4 4 4 4 1 1 1 1 1 1 1 1 1 1 1 1 1 1 1 1 1 1 1 1 1 1 1 1 1 1 1 1 1 1 1 1 1 1 1 1 1 1 1 1 1 1 
1 1 1 1 12 12 12 12 12 12 12 12 12 12 12 12 1 1 1 1 1 1 1 1 1 1 4 5 5 4 4 4 4 4 4 4 4 4 4 4 1 1 1 1 1 1 1 1 1 1 1 1 1 1 1 1 1 1 1 1 1 1 1 1 1 1 1 1 1 1 1 1 1 1 1 1 1 1 1 1 
1 1 1 1 12 12 12 12 12 12 12 12 12 12 12 12 1 1 1 1 1 1 1 1 1 1 4 4 4 4 4 4 4 1 1 1 1 4 4 4 1 1 1 1 1 1 1 1 1 1 1 1 1 1 1 1 1 1 1 1 1 1 1 1 1 1 1 1 1 1 1 1 1 1 1 1 1 1 1 1 
1 1 12 12 12 12 12 12 12 12 12 12 12 12 12 12 12 12 1 1 1 1 1 1 4 4 4 4 1 1 4 4 4 1 1 1 1 4 4 4 4 1 1 1 1 1 1 1 1 1 1 1 1 1 1 1 1 1 1 1 1 1 1 1 1 1 1 1 1 1 1 1 1 1 1 1 1 1 1 1 
1 1 12 12 12 12 13 13 13 13 13 13 13 13 12 12 12 12 1 1 1 1 1 1 1 1 4 4 1 1 1 1 1 1 4 4 4 1 1 1 1 1 1 1 1 1 1 1 1 1 12 12 12 12 12 12 12 12 13 13 13 12 1 1 1 1 12 12 12 12 1 1 1 1 1 1 1 1 1 1 
1 1 12 12 12 12 12 12 12 12 12 12 12 13 13 13 13 13 13 13 1 1 1 1 1 1 1 1 4 4 1 1 1 1 4 4 4 1 1 1 1 1 1 1 1 1 1 1 1 1 12 1 1 1 1 1 1 12 12 12 12 12 1 12 1 12 1 12 1 12 1 1 1 12 1 12 1 1 1 1 
1 1 12 12 12 12 12 12 12 12 12 12 12 12 12 12 12 12 12 12 1 1 1 1 4 4 5 5 4 4 4 4 4 4 4 4 4 4 4 4 4 4 4 4 12 12 12 12 12 12 1 1 1 1 1 1 1 12 12 12 12 12 12 1 12 1 12 12 12 12 12 12 12 1 1 1 1 12 1 12 
1 1 12 12 12 12 12 12 12 12 12 12 12 12 12 12 12 12 12 12 12 12 4 4 4 4 4 4 4 4 4 4 4 4 4 4 4 4 4 4 4 4 4 4 4 4 4 4 4 12 12 12 1 1 1 1 1 12 12 12 12 12 12 1 12 12 12 12 1 12 12 12 12 1 1 1 1 12 1 12 
1 1 12 12 12 12 12 12 12 12 12 13 12 12 12 12 12 12 12 12 12 12 4 4 4 4 4 4 4 4 4 4 4 4 4 4 4 4 4 4 4 4 4 4 4 4 4 4 4 12 12 12 12 1 1 1 1 1 12 1 12 1 12 12 1 1 1 12 12 12 1 1 12 1 12 12 12 12 12 12 
1 1 1 1 12 12 12 12 12 12 12 12 12 12 12 12 12 12 12 12 12 12 4 4 4 4 4 4 4 4 4 4 4 4 4 4 4 4 4 4 4 4 4 4 4 4 4 4 4 12 12 12 12 12 12 1 1 1 1 1 1 1 1 12 12 12 12 12 12 1 12 1 12 12 12 12 12 12 12 12 
1 1 1 1 12 12 12 12 12 12 12 12 12 12 12 12 12 12 12 12 12 12 4 4 4 4 4 4 4 4 4 4 4 4 4 4 4 4 4 4 4 4 4 4 4 4 4 4 4 12 12 12 12 12 12 12 12 12 1 12 1 12 1 1 1 1 1 1 1 12 12 12 12 12 12 12 12 12 12 12 
1 1 1 1 13 13 13 13 13 13 13 13 13 13 12 12 12 12 12 12 12 12 12 12 4 4 4 4 4 4 4 4 4 4 4 4 4 4 4 4 4 4 4 4 4 4 4 4 4 12 12 12 12 12 12 12 12 12 12 12 12 12 12 12 12 12 12 12 12 12 12 12 12 12 12 12 12 12 12 1 
1 1 1 1 12 12 12 12 12 12 12 12 12 12 12 12 12 12 12 12 12 12 12 12 1 1 1 1 4 4 4 4 4 4 4 4 4 4 1 1 4 4 4 4 4 4 4 4 4 12 12 12 12 12 12 12 12 12 12 12 12 12 12 12 12 12 12 12 12 12 12 12 12 12 12 12 12 12 12 1 
1 1 1 1 12 12 12 12 12 12 12 12 12 12 12 12 12 12 13 13 13 13 1 1 1 1 1 1 1 1 4 4 4 4 1 1 1 1 1 1 4 1 1 4 4 1 1 1 12 12 12 1 1 1 12 1 12 12 12 12 12 12 12 12 12 12 12 12 12 12 12 12 12 12 12 12 12 1 1 1 
1 1 1 1 12 12 12 12 12 12 12 12 12 12 12 12 12 12 1 1 1 1 1 1 12 12 4 4 1 1 1 1 1 1 1 1 1 1 4 1 1 1 1 1 1 1 1 1 1 1 1 1 1 1 1 1 1 1 12 1 12 1 12 1 12 1 12 1 12 1 12 1 12 1 1 12 1 1 1 1 
1 1 1 1 1 1 12 12 12 12 12 12 13 1 1 1 1 1 1 1 1 1 1 1 1 1 4 4 4 4 1 1 1 1 4 4 4 4 4 1 1 4 4 1 1 1 1 1 1 1 1 1 1 1 1 1 1 12 1 12 1 12 1 12 1 12 1 12 1 12 1 12 1 12 1 1 1 1 1 1 
1 1 1 1 1 1 12 12 12 12 12 12 1 1 1 1 1 1 1 1 1 1 1 1 1 1 4 5 5 4 4 4 4 4 4 4 4 4 4 4 4 4 4 4 1 1 1 1 1 1 1 1 1 1 1 1 1 1 12 1 12 1 12 1 12 1 12 1 12 1 12 1 12 1 12 1 1 1 1 1 
1 1 1 1 1 1 13 13 12 12 12 12 1 1 1 1 1 1 1 1 1 1 1 1 1 1 4 5 5 4 4 4 4 4 4 4 4 4 4 4 4 4 4 1 12 1 1 1 1 1 1 1 1 1 1 1 1 1 1 1 1 1 1 1 1 1 1 1 1 1 1 1 1 1 1 1 1 1 1 1 
1 1 1 1 1 1 1 1 12 12 12 12 1 1 1 1 1 1 1 1 1 1 1 1 1 1 4 4 4 4 4 4 4 4 4 4 4 4 4 4 4 4 4 1 1 1 1 1 1 1 1 1 1 1 1 1 1 1 1 1 1 1 1 1 1 1 1 1 1 1 1 1 1 1 1 1 1 1 1 1 
1 1 1 1 1 1 13 13 12 12 12 12 1 1 1 1 1 1 1 1 1 1 1 1 1 1 4 4 4 4 4 4 4 4 4 4 4 4 4 4 4 4 4 1 1 1 1 1 1 1 1 1 1 1 1 1 1 1 1 1 1 1 1 1 1 1 1 1 1 1 1 1 1 1 1 1 1 1 1 1 
1 1 1 1 1 1 1 1 12 12 12 12 1 1 1 1 1 1 1 1 1 1 1 1 1 1 4 4 4 4 4 4 4 4 4 4 4 4 4 4 4 4 4 1 1 1 1 1 1 1 1 1 1 1 1 1 1 1 1 1 1 1 1 1 1 1 1 1 1 1 1 1 1 1 1 1 1 1 1 1 
