Connections;up:ROUTE 124 (0.39);right:ROUTE 127 (0.42);
Exits;
5 1 1 0 0 0 5 4 5 5 4 4 4 12 12 5 1 0 1 0 0 1 4 4 4 4 4 4 4 4 4 4 4 1 5 1 1 1 12 5 5 5 1 1 1 12 5 1 1 1 1 5 1 1 5 4 4 4 4 4 4 4 4 4 4 5 5 4 5 5 13 13 13 5 5 13 13 13 13 13 
5 1 1 1 1 1 1 5 5 5 4 4 4 12 12 5 1 0 1 0 0 1 4 4 4 4 4 4 4 4 4 1 5 5 5 4 4 1 12 5 5 5 4 4 5 13 5 5 4 4 4 5 5 13 5 4 4 4 4 4 4 4 4 4 4 5 5 4 5 5 13 13 13 5 13 13 13 13 13 13 
5 1 1 0 0 1 1 1 5 4 4 4 4 4 12 5 1 0 1 0 1 5 4 4 4 4 4 4 4 4 4 5 5 4 4 4 4 5 13 5 4 4 4 4 4 4 4 5 1 4 4 5 5 4 4 4 4 4 4 4 4 4 4 4 4 4 4 4 5 5 13 13 13 5 13 13 13 13 13 13 
5 1 1 1 1 1 1 1 1 4 4 4 4 4 4 5 1 0 1 0 1 5 5 4 4 4 4 4 4 4 4 1 1 4 4 4 4 4 4 4 4 4 4 4 4 4 4 4 5 1 4 4 5 4 4 4 4 4 4 4 4 4 4 4 4 5 5 4 5 5 13 13 13 13 13 13 13 13 13 13 
1 5 0 0 1 1 1 1 1 4 4 4 4 4 4 5 1 0 1 0 1 5 5 4 4 4 4 4 4 4 4 1 1 4 4 4 4 4 4 4 4 4 4 4 4 4 4 4 4 5 5 5 5 4 4 4 4 4 4 4 4 4 4 4 4 5 5 4 5 5 13 13 13 13 13 13 13 13 13 13 
1 5 0 0 1 1 1 1 1 4 4 4 4 4 4 5 1 0 1 1 5 4 5 5 4 4 4 4 4 4 1 1 4 4 4 4 4 4 4 4 4 4 4 4 4 4 4 4 4 4 4 4 4 4 4 4 4 4 4 4 4 4 4 4 4 4 5 5 5 5 13 13 13 13 13 13 13 13 13 13 
1 5 5 1 1 1 0 1 1 1 1 1 1 4 4 5 1 0 1 1 4 4 5 5 4 1 1 1 1 5 1 1 4 4 1 1 4 4 4 4 4 4 4 4 4 4 1 1 4 4 4 4 4 4 4 4 4 4 4 4 4 4 4 4 4 4 5 5 5 5 5 1 13 13 13 13 13 13 13 13 
1 1 1 5 1 1 1 1 1 0 0 0 1 1 1 1 1 1 1 1 4 4 4 5 5 5 4 4 4 5 4 4 4 4 1 1 4 4 4 4 4 4 4 4 4 4 1 1 4 4 4 4 4 4 4 4 4 4 4 4 4 4 4 4 4 5 5 4 5 5 5 13 13 13 13 13 13 13 13 13 
1 1 1 5 1 1 1 1 1 0 0 1 1 0 0 1 1 1 0 1 1 1 5 5 1 1 1 4 4 1 4 4 4 4 4 4 4 4 4 4 4 4 4 4 4 4 4 4 4 4 4 4 4 4 4 4 4 4 4 4 4 4 4 4 4 5 5 4 5 1 5 13 13 13 13 13 13 13 13 13 
1 1 1 5 5 1 0 1 1 1 1 1 0 0 1 1 0 1 5 5 1 12 5 4 4 4 1 1 1 1 4 4 4 4 4 4 4 4 4 4 4 4 4 4 4 4 4 4 4 4 4 4 4 4 4 4 4 4 4 4 4 4 4 4 4 4 4 4 4 5 5 13 13 13 13 13 13 13 13 5 
1 1 1 4 4 5 1 1 1 1 1 1 1 1 1 0 0 1 4 4 5 13 5 4 4 4 5 5 4 4 4 4 4 4 4 4 4 4 4 4 4 4 4 4 4 4 4 4 4 4 4 4 4 4 4 4 4 4 4 4 4 4 4 4 4 4 4 4 4 5 5 5 1 13 13 13 13 13 13 13 
1 1 1 4 4 1 5 5 1 0 0 0 0 4 4 4 1 1 4 1 1 4 4 4 4 4 1 1 1 1 4 4 4 4 4 4 4 4 4 4 4 4 4 4 4 4 4 4 4 4 4 4 4 4 4 4 4 4 4 4 4 4 4 4 4 4 5 5 4 5 5 5 13 13 13 13 13 13 13 13 
1 1 1 1 1 4 4 4 5 5 5 5 5 1 1 1 1 4 4 1 1 4 4 4 4 4 4 4 1 1 5 5 4 4 4 4 4 4 4 4 4 4 4 4 4 4 4 4 4 4 4 4 4 4 4 4 4 4 4 4 4 4 4 4 4 4 5 5 4 5 5 5 13 13 13 13 13 13 5 13 
1 1 1 1 1 1 1 1 1 1 1 1 1 1 4 4 5 5 4 4 4 4 4 4 4 4 4 4 4 4 1 1 1 1 4 4 4 4 4 4 4 4 4 4 4 4 4 4 4 4 4 4 4 4 4 4 4 4 4 4 4 4 4 4 4 4 4 4 4 5 5 5 13 13 13 13 13 13 13 13 
1 1 1 1 1 1 1 1 1 1 1 12 12 5 1 4 1 1 4 4 4 4 4 4 4 4 4 4 4 4 4 4 1 1 1 1 4 4 4 4 4 4 4 4 4 4 4 4 4 4 4 4 4 4 4 4 4 4 4 4 4 4 4 4 4 4 4 4 4 5 5 13 13 13 13 13 13 13 13 13 
1 1 1 1 1 1 1 1 1 5 5 13 13 1 1 4 4 4 4 4 4 4 4 4 4 4 4 4 4 4 4 4 4 4 1 1 4 4 4 4 4 4 4 4 4 4 4 4 4 4 4 4 4 4 4 4 4 4 4 4 4 4 4 4 4 4 4 4 4 4 4 5 13 13 13 13 13 13 13 13 
1 1 1 1 1 1 1 1 12 5 4 4 4 4 4 4 4 4 4 4 4 4 4 4 4 4 4 4 4 4 4 4 4 4 4 1 1 4 4 4 4 4 4 4 4 4 4 4 4 4 4 4 4 4 4 4 4 4 4 4 4 4 4 4 4 4 4 4 4 5 5 5 5 13 13 13 13 13 13 13 
1 1 1 1 1 1 1 5 13 5 4 1 1 4 4 4 4 4 4 4 4 4 4 4 4 4 4 4 4 4 4 4 4 1 1 1 1 4 4 4 4 4 4 4 4 4 4 4 4 4 4 4 4 4 4 4 4 4 4 4 4 4 4 4 4 4 4 4 4 5 5 4 4 5 13 13 13 13 13 13 
1 1 1 1 1 1 1 5 5 4 4 1 1 4 4 4 4 4 4 4 4 4 4 4 4 4 4 4 4 4 4 4 4 1 1 4 4 4 4 4 4 4 4 4 4 4 4 4 4 4 4 4 4 4 4 4 4 4 4 4 4 4 4 4 4 4 4 4 4 4 4 4 4 5 5 13 13 13 13 13 
1 1 1 1 1 5 5 5 5 4 4 4 4 4 4 4 4 4 4 4 4 4 4 4 4 4 4 4 4 4 4 4 4 4 1 1 4 4 4 4 4 4 4 4 4 4 4 4 4 4 4 4 4 4 4 4 4 4 4 4 4 4 4 4 4 4 4 4 4 4 4 4 4 5 5 5 13 13 13 12 
1 1 1 1 1 5 5 4 4 4 4 4 4 4 4 4 1 1 1 1 1 4 1 1 1 1 1 1 4 4 4 4 4 4 1 1 4 4 4 4 4 4 4 4 4 4 1 1 4 4 4 4 4 4 4 4 4 4 4 4 4 4 4 4 4 4 4 4 4 4 4 4 4 5 5 5 5 13 13 13 
1 1 1 1 1 4 4 4 4 4 4 4 4 4 4 1 1 1 1 1 1 1 1 1 1 1 1 1 1 4 4 4 1 1 4 4 4 4 4 4 4 4 4 4 4 4 1 1 4 4 4 4 4 4 4 4 4 4 4 4 4 4 4 4 4 4 4 4 4 4 4 4 4 4 4 4 4 5 5 13 
1 1 1 1 1 4 4 4 4 4 4 4 4 4 4 1 1 0 1 4 4 1 1 1 1 1 1 1 1 4 1 1 1 1 4 4 4 4 4 4 4 4 4 4 4 4 4 4 4 4 4 4 4 4 4 4 4 4 4 4 4 4 4 4 4 4 4 4 4 4 4 4 4 4 1 1 5 4 4 5 
1 1 1 1 5 5 4 4 4 4 4 4 4 1 1 1 1 1 4 4 4 1 0 1 1 1 1 1 1 4 1 1 4 4 4 4 4 4 4 1 1 4 4 4 4 4 4 4 4 4 4 4 4 4 1 1 1 1 1 4 4 4 4 4 4 4 4 4 4 4 4 4 4 4 1 12 5 4 4 5 
1 1 1 1 5 5 4 4 4 4 4 4 4 1 1 4 4 4 4 4 4 4 1 1 0 1 1 1 1 1 1 4 4 4 4 4 4 4 4 1 1 4 4 4 4 4 4 4 4 4 4 4 4 4 1 1 1 1 1 1 4 4 4 4 4 4 4 4 4 4 4 4 4 4 5 13 5 5 5 5 
1 1 1 1 1 1 1 4 4 4 4 4 4 4 1 1 4 4 4 4 4 4 4 4 1 1 1 1 1 1 1 4 4 4 4 4 4 4 4 4 4 4 4 4 4 4 4 4 4 4 4 4 4 4 4 4 1 0 1 1 4 4 4 4 4 4 4 4 4 4 4 4 4 4 5 5 4 5 5 5 
1 1 1 1 1 1 1 4 4 4 4 4 4 4 1 1 4 4 4 4 4 4 4 4 4 4 1 1 4 4 4 4 4 4 4 4 4 4 4 4 4 4 4 4 4 4 4 4 4 4 4 4 4 4 4 4 4 1 1 1 1 1 4 4 4 4 4 4 4 4 4 4 4 4 5 5 4 4 4 5 
1 1 1 1 1 1 5 5 4 4 4 4 4 1 1 4 4 4 4 4 4 4 4 1 1 4 1 1 4 4 4 4 4 4 4 4 4 4 4 4 4 4 4 4 4 4 4 4 4 4 4 4 4 4 4 4 4 4 4 4 1 1 4 4 4 4 4 4 4 4 4 4 4 4 4 4 4 4 4 5 
1 1 1 1 1 1 1 1 4 4 4 4 4 1 1 4 1 1 4 4 4 4 4 1 1 4 4 4 4 4 4 4 4 4 4 4 4 4 4 4 4 4 4 4 4 4 4 4 4 4 4 4 4 4 4 4 4 4 4 4 4 4 4 4 4 4 4 4 4 4 4 4 4 4 4 4 4 4 4 5 
1 1 1 1 1 1 1 4 4 4 4 4 4 4 1 1 1 1 4 4 4 4 4 4 4 4 4 4 4 4 4 4 4 4 4 4 4 4 4 4 4 4 4 4 4 4 4 4 4 4 4 4 4 4 4 4 4 4 4 4 4 4 4 4 4 4 4 4 4 4 4 4 4 4 4 4 4 4 4 4 
1 1 1 1 1 1 1 4 4 4 4 4 4 4 1 1 4 4 4 4 4 4 4 4 4 4 4 4 4 4 4 4 4 4 4 4 4 4 4 4 4 4 4 4 4 4 4 4 4 4 4 4 4 4 4 4 4 4 4 4 4 4 4 4 4 4 4 4 4 4 4 4 4 4 4 4 4 4 4 4 
1 1 1 1 1 4 4 4 4 4 4 4 4 4 4 1 1 4 4 4 4 4 4 4 4 4 4 4 4 4 4 4 4 4 4 4 4 4 4 4 4 4 4 4 4 4 4 4 4 4 4 4 4 4 4 4 4 4 4 4 4 4 4 4 4 4 4 4 4 4 4 4 4 4 4 4 4 4 4 4 
1 1 1 1 4 4 4 4 4 4 4 4 4 4 4 1 1 4 4 4 4 4 4 4 4 4 4 4 4 4 4 4 4 4 4 4 4 4 1 1 4 4 4 4 4 4 4 4 4 4 4 4 4 4 4 4 4 4 4 4 4 4 4 4 4 4 4 4 4 4 4 4 4 4 4 5 5 4 4 4 
1 1 1 1 4 4 4 4 4 4 4 4 4 4 4 4 4 1 1 4 4 4 4 4 4 4 4 4 4 4 4 4 4 4 4 4 4 4 1 1 4 4 4 4 4 4 4 4 4 4 4 4 4 4 4 4 4 4 4 4 4 4 4 4 4 4 4 4 4 4 4 4 4 4 4 5 5 4 4 4 
1 1 4 1 1 4 4 4 4 4 4 4 4 4 4 4 4 1 1 4 4 4 4 4 4 4 4 4 4 4 4 4 4 4 4 4 1 1 1 1 1 1 1 1 1 1 1 1 1 4 4 4 4 1 1 4 4 4 4 4 4 4 4 4 4 4 4 4 4 4 4 4 4 4 4 4 4 4 4 4 
1 1 4 1 1 4 4 4 4 4 4 4 4 4 4 1 1 4 4 4 4 4 4 4 4 4 4 4 4 4 4 4 4 1 1 1 1 1 1 1 1 1 1 1 1 1 1 1 1 1 1 1 4 1 1 4 4 4 4 4 4 4 4 4 4 4 4 4 4 4 4 4 4 4 4 4 4 4 4 4 
4 4 1 1 4 4 4 4 4 4 4 4 4 4 4 1 1 4 4 4 4 4 4 4 4 4 4 4 1 1 4 4 1 1 1 1 1 1 1 1 1 1 1 1 1 1 1 1 1 1 1 1 1 4 4 4 4 4 4 4 4 4 4 4 4 4 4 4 4 4 4 4 4 4 4 4 4 4 4 4 
4 4 1 1 4 4 4 4 4 4 4 4 4 4 4 1 1 4 4 4 4 4 4 4 4 4 4 4 1 1 4 1 1 1 1 1 1 1 1 1 1 1 1 1 1 1 1 1 1 1 1 1 1 1 4 4 4 4 4 4 4 4 4 4 4 4 4 4 4 4 4 4 4 4 4 4 4 4 4 4 
4 4 1 1 1 4 4 4 4 4 4 4 4 4 4 1 1 4 4 4 4 4 4 4 4 1 1 4 4 4 1 1 1 1 1 1 1 1 1 1 1 1 1 1 1 1 1 1 1 1 1 1 1 1 1 1 4 4 4 4 4 4 4 4 4 4 4 4 4 4 4 4 4 4 4 4 4 4 4 4 
4 1 1 1 1 4 4 4 4 4 4 4 4 4 1 1 4 4 4 4 4 4 4 4 4 1 1 4 4 1 1 1 1 1 1 1 1 1 1 1 1 1 1 1 1 1 1 1 1 1 1 1 1 1 1 1 1 4 4 4 1 1 4 4 4 4 4 4 4 4 4 4 4 4 4 4 4 4 4 4 
4 1 1 0 1 4 1 1 4 4 4 4 4 4 1 1 4 4 4 4 4 4 4 4 4 4 4 1 1 1 1 1 1 1 1 1 1 1 4 1 1 1 1 1 1 1 1 1 1 1 1 1 1 1 1 1 1 1 4 4 1 1 4 4 4 4 4 4 4 4 4 4 4 4 4 4 4 4 4 4 
4 1 1 1 4 4 1 1 4 4 4 4 4 4 1 1 4 4 4 4 4 4 4 4 4 4 1 1 1 1 1 1 1 1 1 1 1 1 1 5 5 5 5 5 5 5 5 1 1 1 1 1 1 1 1 1 1 1 1 4 4 4 4 4 4 4 4 4 4 4 4 4 4 4 4 4 4 4 4 4 
4 4 4 1 1 4 4 4 4 4 4 4 4 4 1 1 4 4 4 4 4 4 4 4 4 4 1 1 1 1 1 1 1 1 1 1 1 1 1 5 5 5 5 5 5 5 5 1 1 1 1 1 1 1 1 1 1 1 1 1 4 4 4 4 4 4 4 4 4 4 4 4 4 4 4 4 4 4 4 4 
4 4 4 1 1 4 4 4 4 4 4 4 4 1 1 4 4 4 4 4 4 4 4 4 4 4 1 1 1 1 1 1 1 1 1 1 1 1 1 5 5 5 5 5 5 5 5 1 1 1 1 1 1 1 1 1 1 1 1 1 4 4 4 4 4 4 4 4 4 4 4 4 4 4 4 4 4 4 4 4 
4 4 4 4 5 5 5 4 4 4 4 4 4 1 1 4 4 4 4 4 4 4 4 4 4 4 1 1 1 1 1 1 1 1 1 1 1 1 1 5 5 5 5 5 5 5 5 1 1 1 1 1 1 1 1 1 1 1 1 1 4 4 4 4 4 4 4 4 4 4 4 4 4 4 4 4 4 4 4 4 
4 4 4 4 1 1 5 4 4 4 4 1 1 1 4 4 4 4 4 4 4 4 4 4 4 4 1 1 1 1 1 1 1 1 1 1 1 1 1 5 5 5 5 5 5 5 5 1 1 1 1 1 1 1 1 1 1 1 1 1 4 4 4 4 4 4 4 4 4 4 4 4 4 4 4 4 4 4 4 4 
1 1 4 4 1 1 5 4 4 4 1 1 1 1 4 4 4 4 4 4 4 4 4 4 4 4 1 1 1 1 1 1 1 1 1 1 1 1 1 5 5 5 5 5 5 5 5 1 1 1 1 1 1 1 1 1 1 1 1 1 4 4 4 4 4 4 4 4 4 4 4 4 4 4 4 4 4 4 4 4 
1 1 1 1 1 1 1 4 4 4 1 1 1 1 4 4 4 4 4 4 4 4 4 1 1 4 1 1 1 1 1 1 1 1 1 1 1 1 1 5 5 5 5 5 5 5 5 1 1 1 1 1 1 1 1 1 1 1 1 1 4 4 1 1 4 4 4 4 4 4 4 4 4 4 4 4 4 4 4 4 
1 1 1 1 1 1 1 4 4 4 1 1 0 1 4 4 4 4 4 4 4 4 4 1 1 4 1 1 1 1 1 1 1 1 1 1 1 1 1 5 5 5 5 5 5 5 5 1 1 1 1 1 4 1 1 1 1 1 1 1 4 4 1 1 1 4 4 4 4 4 4 4 4 4 4 4 4 4 4 4 
1 4 1 1 1 1 1 1 4 4 1 1 1 4 4 4 4 4 4 4 4 4 4 4 4 4 1 1 1 1 1 1 1 1 1 1 1 1 1 1 1 1 1 1 1 1 1 1 1 1 1 1 1 1 4 1 1 4 1 1 4 4 5 1 1 4 4 4 4 4 4 4 4 4 4 4 4 4 4 4 
1 1 1 1 1 1 1 1 1 1 1 4 4 4 4 4 4 4 4 4 4 4 4 4 4 4 4 1 1 1 1 1 1 1 1 1 1 1 1 1 1 1 1 1 1 1 1 1 1 1 4 1 1 1 1 1 1 1 4 1 4 4 5 1 1 4 4 4 4 4 4 4 4 4 4 4 4 4 4 4 
1 1 1 1 1 1 1 1 1 1 1 4 4 4 4 4 4 4 4 4 4 4 4 4 4 4 4 1 1 1 1 1 1 1 1 1 1 1 1 1 1 1 1 1 1 1 1 1 4 1 1 1 1 1 1 4 1 1 1 4 4 1 1 4 4 4 4 4 4 4 4 4 4 4 4 4 4 4 4 4 
1 1 1 1 1 1 1 1 1 4 4 4 4 4 4 4 4 4 4 4 4 4 4 4 1 1 4 1 1 1 1 1 1 1 1 1 1 1 1 1 1 1 1 1 1 4 1 1 1 1 1 1 4 1 1 1 4 1 1 4 4 1 1 4 4 4 4 4 4 4 4 4 4 4 4 4 4 4 4 4 
1 1 0 1 1 1 1 1 1 1 4 4 4 4 4 4 4 4 4 4 4 4 4 4 1 1 4 4 1 1 1 1 1 1 1 1 1 1 1 1 1 1 1 1 1 1 1 1 1 1 4 1 1 1 4 1 1 4 1 4 4 4 4 4 4 4 4 4 4 4 4 4 4 4 4 4 1 1 4 4 
1 4 1 1 1 0 1 1 1 1 4 4 4 4 4 4 4 4 4 4 4 4 4 4 4 4 4 4 1 1 1 1 1 1 1 1 1 1 1 1 1 1 1 1 1 1 4 1 1 1 1 1 1 4 1 1 1 1 4 4 4 4 4 4 4 4 4 4 4 4 4 4 4 4 4 4 1 1 4 4 
1 4 1 0 1 1 1 1 1 1 4 4 4 4 4 4 4 4 4 4 4 4 4 4 4 4 4 4 1 1 1 1 1 1 1 1 1 1 1 1 1 1 1 1 1 1 1 1 1 4 1 1 1 1 4 1 1 1 4 4 4 1 1 4 4 4 4 4 4 4 4 4 4 4 4 4 4 4 4 4 
1 4 4 1 1 0 1 1 1 1 4 4 4 4 4 4 4 4 4 4 4 4 4 4 4 4 4 4 4 1 1 1 1 1 1 1 1 1 1 1 1 1 4 1 1 1 1 1 1 1 1 1 1 1 1 4 1 1 4 4 4 1 1 4 4 4 4 4 4 4 4 4 4 4 4 4 4 4 4 4 
1 1 4 4 4 1 1 1 1 1 4 4 4 4 4 4 4 4 4 4 4 4 4 4 4 4 4 4 4 1 1 1 1 1 1 1 1 1 1 1 1 1 1 1 1 1 1 1 1 4 1 1 1 1 1 1 4 4 4 4 4 4 4 4 4 4 4 4 4 4 4 4 4 4 4 4 4 4 4 4 
1 1 4 1 1 4 4 4 4 4 4 4 4 4 4 4 4 4 4 4 4 4 4 4 4 4 4 4 4 4 4 1 1 1 1 1 1 1 1 1 1 1 1 4 1 1 1 1 1 1 4 1 1 1 1 1 4 4 4 4 4 4 4 4 4 4 4 4 4 4 4 4 4 4 4 4 4 4 4 4 
1 1 1 1 1 5 5 5 4 4 4 4 4 4 4 4 4 4 4 4 4 4 4 4 4 4 4 4 4 4 4 4 1 1 1 1 1 1 1 1 1 1 1 1 4 1 1 1 1 1 1 4 4 4 4 4 4 4 4 4 4 4 4 4 4 4 4 4 4 4 4 4 4 4 4 4 4 4 4 1 
1 1 1 4 4 1 1 5 4 4 4 4 4 4 4 4 4 4 4 4 4 4 4 4 4 4 4 4 1 1 4 4 4 4 4 4 1 1 1 1 1 1 1 1 1 4 4 4 4 4 4 4 4 4 4 4 4 4 4 4 4 4 4 4 4 4 4 4 4 4 4 4 4 4 4 4 4 4 4 1 
1 1 1 4 4 1 1 5 4 4 4 4 4 4 4 4 4 4 4 4 4 4 4 4 4 4 4 4 1 1 4 4 4 4 4 4 4 4 4 4 4 4 4 4 4 4 4 4 4 4 4 4 4 4 4 4 4 1 1 4 4 4 4 4 4 4 4 4 4 4 4 4 4 4 4 4 4 4 1 1 
1 1 1 4 1 1 4 4 4 4 4 4 4 4 4 4 4 4 4 4 4 4 4 4 4 4 4 4 4 4 4 4 4 4 4 4 4 4 4 4 4 4 4 4 4 4 4 4 4 4 4 4 4 4 4 4 4 1 1 4 4 4 4 4 4 4 4 4 4 4 4 4 4 4 4 4 4 4 1 1 
1 1 1 4 1 1 4 4 4 4 4 4 4 4 4 4 4 4 4 4 4 4 4 4 4 4 4 4 4 4 4 4 4 4 4 4 4 4 4 4 4 4 4 4 4 4 1 1 4 4 4 4 4 4 4 4 4 4 4 4 4 4 4 4 4 4 4 4 4 4 4 4 4 4 4 4 4 1 1 4 
1 1 1 4 1 1 1 4 4 4 4 4 1 1 4 4 4 4 4 4 4 4 4 4 4 4 4 4 4 4 4 4 4 4 4 4 4 4 4 4 4 4 4 4 4 4 1 1 4 4 4 4 4 4 4 4 4 4 4 4 4 4 4 4 4 4 4 4 4 4 4 4 4 4 4 1 1 1 1 4 
1 1 1 1 1 1 1 4 4 4 4 4 1 1 4 4 4 4 4 4 4 4 4 4 4 4 4 4 4 4 4 4 4 4 4 4 4 4 4 4 4 4 4 4 4 4 4 4 4 4 4 4 4 4 4 4 4 4 4 4 4 4 4 4 4 4 4 4 4 4 4 4 4 1 1 1 1 4 4 1 
1 1 1 1 1 0 1 4 4 4 4 4 4 4 4 4 4 4 4 4 4 4 4 4 4 4 4 4 4 4 4 4 4 4 4 4 4 4 4 4 4 4 4 4 4 4 4 4 4 4 4 4 4 4 4 4 4 4 4 4 4 4 4 4 4 4 4 4 4 4 4 4 4 1 1 4 4 4 4 4 
1 1 1 1 1 1 4 4 4 4 4 4 4 1 1 4 4 4 4 4 4 4 4 4 4 4 4 4 4 4 4 4 4 4 4 4 4 4 4 4 4 4 4 4 4 4 4 4 4 4 4 4 4 4 4 4 4 4 4 4 4 4 4 4 4 4 4 4 4 4 4 4 1 1 4 4 4 4 4 4 
1 1 1 1 4 4 4 4 4 4 4 4 4 1 1 4 1 1 1 1 1 1 4 4 4 4 4 4 4 4 4 4 4 4 4 4 4 4 4 4 4 4 4 4 4 4 4 4 4 4 4 4 4 4 4 4 4 4 4 4 4 4 4 4 4 4 4 4 4 1 1 1 1 1 4 4 4 4 4 4 
1 1 1 1 4 4 4 4 4 4 4 4 4 4 4 1 1 1 1 1 1 1 1 4 4 4 4 4 4 4 4 4 4 4 4 4 4 4 4 4 4 4 4 4 4 4 4 4 4 4 4 4 4 4 4 4 4 4 4 4 4 4 4 4 4 4 4 4 1 1 1 1 4 4 1 1 4 4 4 4 
1 1 1 1 1 1 4 4 4 4 4 4 4 4 4 1 1 1 1 1 1 1 1 1 4 4 4 4 4 4 4 4 4 4 4 4 4 4 4 4 4 4 4 4 4 4 4 4 4 4 4 4 4 4 4 4 4 4 4 4 4 4 4 4 4 4 4 4 1 1 0 1 4 4 1 1 4 4 4 4 
1 1 1 1 1 1 4 4 4 4 4 4 4 4 4 1 1 1 1 1 1 1 1 1 1 4 4 4 4 4 4 4 4 4 4 4 4 4 4 4 4 4 4 4 4 4 4 4 4 4 4 4 4 4 4 4 4 4 4 4 4 4 4 4 4 4 4 4 1 1 1 4 4 4 4 4 4 4 4 1 
1 1 1 1 1 1 1 1 4 4 4 1 1 1 1 1 1 0 1 1 1 1 1 1 1 1 1 4 4 4 4 4 4 1 1 4 4 4 4 4 4 4 4 4 4 4 4 4 4 4 4 4 4 4 4 4 4 4 4 4 4 4 1 1 4 4 1 1 4 4 4 4 4 4 4 4 4 4 4 1 
1 1 1 1 1 1 1 1 4 4 4 1 1 1 1 4 4 1 1 1 1 1 1 1 1 1 1 4 4 4 4 4 4 1 1 4 4 4 4 4 4 4 4 4 4 4 4 4 4 4 4 4 4 4 4 4 4 4 4 4 1 1 1 1 4 4 1 1 4 4 4 4 4 4 4 4 4 4 4 1 
4 4 4 4 4 4 4 1 1 1 1 4 4 4 4 4 4 1 1 1 1 1 1 1 1 4 4 1 1 4 1 1 1 4 4 4 4 4 4 4 4 4 4 4 4 4 4 4 4 4 1 1 4 4 4 1 1 1 4 4 1 1 4 4 1 1 4 4 4 4 4 4 4 4 4 4 4 4 4 4 
4 4 4 4 4 4 4 1 1 1 1 4 4 4 1 1 1 4 4 4 4 4 4 4 4 4 4 1 1 1 1 1 1 4 4 4 1 1 4 4 4 4 4 4 4 4 4 4 1 1 1 1 1 1 1 1 1 1 1 1 4 4 4 4 1 1 4 4 4 4 4 4 4 4 4 4 4 4 4 4 
4 4 4 4 4 4 4 4 4 4 4 4 4 4 5 5 1 4 4 4 4 4 4 4 4 4 4 4 4 1 1 0 1 5 5 5 1 1 1 1 1 1 4 4 1 1 4 4 1 1 4 4 1 1 1 1 0 1 1 1 4 4 4 4 4 4 4 4 4 4 4 4 4 4 4 4 4 4 4 4 
4 4 4 4 4 4 4 4 4 4 4 4 4 4 5 5 5 4 4 4 4 4 4 4 4 4 4 4 4 1 1 1 4 5 5 5 4 4 5 5 5 1 4 4 1 1 1 1 4 4 4 4 1 0 1 0 1 4 4 4 4 4 4 4 4 4 4 4 4 4 4 4 4 4 4 4 4 4 4 4 
4 4 4 4 4 4 4 4 4 4 4 4 4 4 4 4 4 4 4 4 4 4 4 4 4 4 4 4 4 4 4 4 4 5 5 5 4 4 5 5 5 5 1 1 4 4 1 1 4 4 1 1 4 1 1 1 4 4 4 4 4 4 4 4 4 4 4 4 4 4 4 4 4 4 4 4 4 4 4 4 
4 4 4 4 4 4 4 4 4 4 4 4 4 4 4 4 4 4 4 4 4 4 4 4 4 4 4 4 4 4 4 4 4 4 4 4 4 4 4 4 4 4 1 1 4 4 4 4 4 4 1 1 4 4 4 4 4 4 4 4 4 4 4 4 4 4 4 4 4 4 4 4 4 4 4 4 4 4 4 4 
