connections=[
		],
events={
	
		'exits':[{'name':'ROUTE 116 (0.31)','x':4,'y':8},{'name':'ROUTE 116 (0.31)','x':5,'y':8},		],
	
		'NPCs':[
			{'is_trainer':0,'b1':10,'b2':0,'sprite':'25','x':6,'y':5},
			{'is_trainer':0,'b1':1,'b2':0,'sprite':'25','x':3,'y':6},
			{'is_trainer':0,'b1':7,'b2':0,'sprite':'25','x':7,'y':2},
		],
	
		'signs':[
		],
	
		'triggers':[
		],

},
partial_map=[
	[1, 1, 1, 1, 1, 1, 1, 1, 1, 1, ],
	[1, 1, 1, 1, 1, 1, 1, 1, 1, 1, ],
	[12, 12, 12, 12, 12, 12, 12, 12, 12, 12, ],
	[12, 12, 12, 12, 12, 12, 12, 12, 12, 12, ],
	[12, 1, 1, 12, 12, 12, 12, 1, 1, 12, ],
	[12, 1, 1, 12, 12, 12, 12, 1, 1, 12, ],
	[12, 12, 12, 12, 12, 12, 12, 12, 12, 12, ],
	[12, 12, 12, 12, 12, 12, 12, 12, 12, 12, ],
	[12, 12, 12, 12, 0, 0, 12, 12, 12, 12, ],
]
