Connections;down:MAUVILLE CITY (0.2);left:ROUTE 113 (0.28);left:ROUTE 112 (0.27);
Exits;ROUTE 111 (18.0);DESERT RUINS (24.6);ROUTE 111 (18.1);MIRAGE TOWER (24.94);TRAINER HILL (26.60);
1 1 1 1 1 1 1 1 1 1 1 1 1 1 1 1 1 1 1 1 1 1 1 1 1 1 1 1 1 1 1 1 1 1 1 1 1 1 1 1 
1 1 1 1 1 1 1 1 1 1 1 1 1 1 1 1 1 1 1 1 1 1 1 1 1 1 1 1 1 1 1 1 1 1 1 1 1 1 1 1 
1 1 1 1 1 1 1 1 1 1 1 1 1 1 1 1 1 1 1 1 1 1 1 1 1 1 1 1 1 1 1 1 1 1 12 12 1 1 1 1 
1 1 1 1 1 1 1 1 1 1 1 1 1 1 1 1 1 1 1 1 1 1 1 1 1 1 1 1 1 12 12 12 12 12 12 1 1 1 1 1 
1 1 1 1 1 1 1 1 1 1 1 1 1 1 1 1 1 1 1 1 1 1 1 1 1 1 1 12 12 12 12 12 12 12 12 1 1 1 1 1 
1 1 1 1 1 1 1 1 1 1 1 1 1 1 1 1 1 12 13 13 12 12 13 13 12 1 1 1 12 12 12 12 12 12 12 1 1 1 1 1 
1 1 1 1 1 1 1 1 1 1 1 1 12 1 12 12 12 12 12 12 12 12 12 12 12 1 1 1 1 12 1 1 1 12 12 12 1 1 1 1 
12 12 12 12 1 1 1 1 1 1 1 12 12 12 12 12 12 12 12 12 12 12 12 12 12 12 1 1 1 12 1 1 1 12 12 12 1 1 1 1 
12 12 12 12 12 12 12 12 12 12 12 12 12 12 12 12 12 12 12 12 12 12 12 12 12 12 12 12 12 12 12 1 1 12 12 12 1 1 1 1 
12 12 12 12 12 12 12 12 12 12 12 12 12 12 12 12 12 12 12 12 12 12 12 12 12 12 12 12 12 12 12 1 1 12 12 12 1 1 1 1 
12 12 12 12 12 12 12 12 12 12 12 12 12 12 12 12 12 12 12 12 12 12 12 12 12 12 12 12 12 12 12 1 1 12 12 12 1 1 1 1 
1 1 1 1 1 1 12 12 12 12 12 12 12 12 12 12 12 12 12 12 12 12 12 12 12 1 12 12 12 12 12 1 1 12 12 12 1 1 1 1 
1 1 1 1 1 1 1 1 12 12 12 12 12 12 12 12 12 12 12 12 13 12 12 12 1 1 12 12 12 12 12 1 1 12 12 12 1 1 1 1 
1 1 1 1 1 1 1 1 1 1 1 12 12 12 13 13 13 13 13 13 13 12 12 12 1 1 1 12 12 12 12 1 1 12 12 12 1 1 1 1 
1 1 1 1 1 1 1 1 1 1 1 1 1 1 12 12 12 12 12 12 12 12 12 12 1 1 1 12 12 12 12 1 1 1 12 12 12 1 1 1 
1 1 1 1 1 1 1 1 1 1 1 1 1 1 1 12 12 12 12 12 12 12 12 12 1 13 13 12 12 12 12 1 1 1 12 12 12 1 1 1 
1 1 1 1 1 1 1 1 1 1 1 1 1 1 1 1 13 13 13 13 13 12 12 1 1 1 1 1 1 12 12 12 1 1 12 12 12 1 1 1 
1 1 1 1 1 1 1 1 1 1 1 1 1 1 1 1 12 12 12 12 12 12 12 1 1 1 1 1 1 12 12 12 1 1 12 12 12 12 1 1 
1 1 1 1 1 12 12 12 1 1 1 1 1 0 0 1 12 12 12 12 12 12 12 1 1 1 1 1 1 12 12 12 1 1 12 12 12 12 1 1 
1 1 12 12 12 1 1 1 1 1 1 1 1 1 1 1 12 12 13 13 13 13 1 1 1 1 12 12 12 12 12 12 1 1 12 12 12 12 1 1 
12 12 1 1 1 1 1 1 1 1 1 12 12 12 12 12 12 12 12 12 12 12 1 1 1 12 12 12 12 12 12 12 1 1 12 12 12 12 1 1 
1 1 1 1 1 1 1 1 1 1 12 12 12 12 12 12 12 12 12 12 12 12 12 12 12 12 0 0 0 0 12 1 1 1 12 12 12 1 1 1 
1 1 1 1 1 1 1 1 1 12 12 12 12 12 12 12 12 12 12 12 12 12 12 1 1 1 0 0 0 0 12 1 1 12 12 12 12 1 1 1 
1 1 1 1 1 1 1 1 13 13 13 12 12 12 13 13 13 13 13 12 12 12 1 1 1 1 1 1 1 1 1 1 1 12 12 12 12 1 1 1 
1 1 1 1 1 1 1 12 12 12 12 12 12 12 12 12 12 12 12 1 1 1 1 1 1 1 1 1 1 1 12 12 12 12 12 12 12 1 1 1 
1 1 1 1 1 1 12 12 12 12 12 12 12 12 12 12 12 12 1 1 1 1 1 1 1 1 12 12 12 12 12 12 12 12 12 12 12 1 1 1 
1 1 1 1 13 13 13 12 12 12 13 13 13 1 1 1 1 1 1 1 1 1 12 12 12 12 1 1 1 1 12 12 12 12 12 12 12 1 1 1 
1 1 12 12 12 12 12 12 12 12 12 12 12 1 1 1 1 12 12 12 12 12 12 12 1 1 1 1 1 1 12 12 12 12 12 1 1 1 1 1 
12 12 12 12 12 12 12 12 12 12 12 12 13 1 1 12 12 12 12 12 12 12 12 12 1 1 12 12 12 12 12 12 12 12 1 1 1 1 1 1 
12 12 12 12 12 12 12 12 12 12 12 1 1 13 1 1 1 12 12 12 12 12 12 12 12 12 12 12 12 12 12 12 12 12 1 1 1 1 1 1 
12 12 12 12 12 12 12 12 12 12 12 1 1 1 12 1 1 12 12 12 12 12 12 12 12 12 12 12 1 1 12 12 12 12 1 1 1 1 1 1 
12 12 12 12 12 12 12 12 12 12 12 1 1 1 12 12 12 12 12 12 12 12 1 1 12 12 12 12 1 1 12 1 1 12 1 1 1 1 1 1 
1 1 12 12 12 12 12 12 12 12 12 1 1 1 12 12 12 12 12 12 12 12 1 1 1 1 1 1 1 1 12 1 1 12 12 12 1 1 1 1 
1 1 1 1 12 12 12 12 12 12 13 1 1 1 12 12 12 12 12 1 1 1 1 1 1 1 1 1 1 1 1 1 1 1 1 1 1 1 1 1 
1 1 1 1 1 1 12 12 12 12 12 1 1 1 1 12 12 12 12 1 12 1 1 1 1 1 1 1 1 1 1 1 1 1 1 1 1 1 1 1 
1 1 1 1 1 1 12 12 12 12 12 1 1 1 1 12 12 12 12 1 12 1 1 1 1 1 1 1 1 12 12 12 12 12 1 1 1 1 1 1 
1 1 1 1 1 1 1 12 12 12 12 12 12 1 1 1 1 12 1 1 12 1 1 1 1 1 1 1 12 12 12 12 12 12 1 1 1 1 1 1 
1 1 1 1 1 1 1 13 12 12 12 12 12 1 1 1 1 12 1 1 1 1 1 12 12 12 12 12 12 12 12 12 12 12 1 1 1 1 1 1 
1 1 1 1 1 1 1 1 1 12 12 12 12 12 12 12 12 12 12 12 12 12 12 12 12 12 12 12 12 12 12 12 12 12 12 1 1 1 1 1 
1 1 1 1 1 1 1 1 1 12 12 12 12 12 12 12 12 12 12 12 12 12 12 12 12 12 12 12 12 12 12 12 12 12 1 1 1 1 1 1 
1 1 1 1 1 1 1 1 1 13 12 12 12 12 12 12 12 12 12 12 12 12 12 12 12 12 12 1 12 12 12 12 12 1 1 1 1 1 1 1 
1 1 1 1 1 1 1 1 1 12 12 12 12 12 12 1 12 12 12 12 12 12 12 12 12 12 12 12 12 12 12 1 1 1 1 1 1 1 1 1 
1 1 1 1 1 1 1 1 1 12 12 12 12 12 12 12 12 1 1 1 12 12 12 12 12 12 12 12 12 12 12 1 1 1 1 1 1 1 1 1 
1 1 1 1 1 1 1 1 1 12 12 12 12 12 12 12 12 12 1 1 12 12 12 12 12 1 12 12 12 12 12 1 1 1 1 1 1 1 1 1 
1 1 1 1 1 1 1 1 1 12 12 12 12 12 12 12 12 12 12 12 12 12 12 12 12 12 1 12 12 12 12 1 1 1 1 1 1 1 1 1 
1 1 1 1 1 1 1 1 1 12 12 1 1 12 12 12 12 12 12 12 12 12 12 12 12 12 12 12 12 12 12 1 1 1 1 1 1 1 1 1 
1 1 1 1 1 1 1 1 1 1 1 1 1 12 12 12 12 12 12 12 12 12 12 12 12 12 12 12 12 1 1 12 1 1 1 1 1 1 1 1 
1 1 1 1 1 1 1 1 1 1 1 12 12 12 12 12 12 12 12 12 12 12 12 12 12 12 12 12 12 1 1 12 1 1 1 1 1 1 1 1 
1 1 1 1 1 1 1 1 1 1 1 12 12 12 12 12 12 12 12 12 12 12 12 12 12 12 12 12 12 12 12 12 12 1 1 1 1 1 1 1 
1 1 1 1 1 1 1 1 1 1 1 12 12 12 12 12 12 12 12 12 12 12 12 12 12 12 12 12 12 12 12 12 12 1 1 1 1 1 1 1 
1 1 1 1 1 1 1 1 1 1 1 12 12 12 12 12 12 12 12 12 12 12 12 12 12 12 12 12 12 12 12 12 12 1 1 1 1 1 1 1 
1 1 1 1 1 1 1 1 1 1 1 12 1 1 12 12 12 12 12 12 12 12 12 12 12 12 12 12 12 12 12 12 12 12 12 1 1 1 1 1 
1 1 1 1 1 1 1 1 1 1 1 12 1 1 1 12 12 12 12 12 12 12 12 12 12 12 12 12 12 12 12 12 12 12 12 1 1 1 1 1 
1 1 1 1 1 1 1 1 1 1 1 1 12 12 12 12 12 12 12 12 12 12 12 12 12 12 12 12 12 12 12 12 12 12 12 1 1 1 1 1 
1 1 1 1 1 1 1 1 1 1 1 12 12 12 12 12 12 12 12 12 12 12 12 12 12 12 12 12 12 12 12 12 12 12 12 1 1 1 1 1 
1 1 1 1 1 1 1 1 1 1 1 1 12 12 12 12 12 12 12 12 12 12 12 12 12 12 12 12 12 12 12 12 12 12 1 1 1 1 1 1 
1 1 1 1 1 1 1 1 1 1 1 12 12 12 12 12 12 12 12 12 12 12 12 12 12 12 12 12 12 12 12 12 12 12 1 1 1 1 1 1 
1 1 1 1 1 1 1 1 1 1 1 12 12 12 12 12 12 12 1 1 1 12 12 12 12 12 12 12 12 12 12 12 12 12 12 12 1 1 1 1 
1 1 1 1 1 1 1 1 1 1 1 12 12 12 12 12 12 12 1 0 1 12 12 12 12 12 12 12 12 12 12 12 12 12 12 12 1 1 1 1 
1 1 1 1 1 1 1 1 1 1 1 12 12 12 12 12 12 12 12 12 12 12 12 12 12 12 12 12 12 12 12 12 12 12 12 12 12 1 1 1 
1 1 1 1 1 1 1 1 1 1 1 12 12 12 12 12 12 12 12 12 12 12 12 12 12 12 12 12 12 12 12 12 12 12 12 12 12 1 1 1 
1 1 1 1 1 1 1 1 1 12 12 12 12 12 12 1 1 1 1 12 12 12 12 12 12 12 12 12 12 12 12 12 12 12 12 12 12 1 1 1 
1 1 1 1 1 1 1 1 1 12 12 12 12 12 12 1 1 1 1 12 12 12 12 12 12 12 12 12 12 12 12 12 12 12 12 12 12 1 1 1 
1 1 1 1 1 12 12 12 12 12 12 12 12 12 12 1 1 1 1 12 12 12 12 12 12 12 12 12 12 12 12 12 12 12 12 12 12 1 1 1 
1 1 1 1 1 12 12 12 12 12 12 12 12 12 12 1 1 1 1 12 12 12 12 12 12 12 12 12 12 12 12 12 12 12 12 12 12 1 1 1 
1 1 1 12 12 12 12 12 12 12 12 12 12 12 12 1 1 1 1 1 1 12 12 12 12 12 12 12 12 12 12 12 12 12 12 12 12 1 1 1 
12 12 12 12 12 12 12 1 12 12 12 12 12 12 12 1 1 1 1 1 1 12 12 12 12 12 12 12 12 12 12 12 12 12 12 1 12 1 1 1 
12 12 12 12 12 12 12 12 12 12 12 12 12 12 12 1 1 1 1 1 1 12 12 12 12 12 12 12 12 12 12 12 12 12 12 12 12 12 1 1 
12 12 12 12 12 12 12 12 12 12 12 12 12 12 12 1 1 1 1 1 1 12 12 12 12 12 12 12 12 12 12 12 12 12 12 1 1 12 1 1 
12 12 12 12 12 12 12 12 12 12 12 12 12 12 12 12 1 1 1 1 1 12 12 12 12 12 12 12 12 12 12 12 12 12 12 1 1 12 1 1 
12 12 12 12 12 12 12 12 12 12 12 12 12 12 12 12 1 1 1 1 1 12 12 12 12 12 1 12 12 12 12 12 12 12 12 12 12 12 1 1 
12 12 12 12 12 12 12 12 12 12 12 12 12 12 12 12 1 1 1 1 1 1 12 12 12 12 12 12 12 12 12 12 12 12 12 12 12 12 1 1 
1 1 1 1 1 1 1 1 12 12 12 12 12 12 12 13 1 1 1 1 1 1 12 12 12 12 12 12 12 12 12 12 12 12 12 12 12 12 1 1 
1 1 1 1 1 1 1 1 13 12 12 12 12 12 12 12 1 1 1 1 1 1 12 12 12 12 12 12 12 12 12 12 12 12 12 12 12 12 1 1 
1 1 1 1 1 1 1 1 12 12 12 12 12 12 12 1 1 1 1 1 1 1 12 12 12 12 12 12 12 12 12 12 12 12 12 12 12 1 1 1 
1 1 1 1 1 1 1 1 12 12 12 12 12 12 13 1 1 1 1 1 1 1 12 12 12 12 12 12 12 12 12 12 12 12 12 12 12 12 1 1 
1 1 1 1 1 1 1 1 12 12 12 12 12 12 1 1 1 1 1 1 1 1 12 12 12 12 12 12 12 12 12 12 12 12 12 12 12 12 1 1 
1 1 1 1 1 1 1 1 12 12 12 12 12 12 1 1 1 1 1 1 1 1 12 12 12 12 12 12 12 12 12 12 12 12 12 12 12 12 1 1 
1 1 1 1 1 1 1 1 1 12 12 12 12 1 1 1 1 1 1 1 1 1 12 12 12 12 12 12 12 12 12 12 12 12 12 12 12 12 1 1 
1 1 1 1 1 1 1 1 1 12 12 12 12 1 1 1 1 1 1 1 1 1 12 12 12 12 12 12 12 12 12 12 12 12 12 12 12 12 1 1 
1 1 1 1 1 1 1 1 1 12 12 12 12 1 1 1 1 1 1 1 1 1 12 12 12 12 12 12 12 12 12 12 12 12 12 12 12 12 1 1 
1 1 1 1 1 1 1 12 12 12 12 12 12 1 1 1 1 1 1 1 1 12 12 12 12 12 12 12 12 12 12 12 12 12 12 12 12 12 1 1 
1 1 1 1 1 1 1 1 12 12 12 12 12 1 1 1 1 1 1 1 1 12 12 12 12 1 1 12 12 12 12 12 1 1 12 12 12 1 1 1 
1 1 1 1 1 1 1 12 12 12 12 12 12 1 1 1 1 1 1 1 1 12 12 12 12 1 1 12 12 12 12 12 1 1 12 12 12 1 12 1 
1 1 1 1 1 1 12 13 12 12 12 12 12 1 1 1 1 1 1 1 1 12 12 12 12 12 12 12 1 1 1 12 12 12 12 12 12 1 1 1 
1 1 1 1 1 1 12 12 12 12 12 12 12 1 1 1 1 1 1 1 1 1 12 12 12 12 12 1 1 1 1 1 12 12 12 12 12 1 1 1 
1 1 1 1 1 1 12 12 1 1 12 12 12 12 12 1 1 1 1 1 1 1 12 1 1 12 12 1 1 1 1 1 12 12 1 1 12 1 1 1 
1 1 1 1 1 12 12 12 1 1 12 12 12 12 12 1 1 1 1 1 1 1 12 1 1 12 12 1 1 0 1 1 12 12 1 1 12 1 1 1 
1 1 1 1 1 1 1 12 12 12 12 12 12 12 12 12 1 1 1 1 1 1 12 12 12 12 12 12 12 12 12 12 12 12 12 12 12 1 1 1 
1 1 1 1 12 12 1 12 13 12 12 12 12 12 12 12 1 1 1 1 1 1 12 12 12 12 12 12 12 12 12 12 12 12 12 12 12 1 1 1 
1 1 1 1 1 1 1 12 12 12 12 12 12 12 12 1 1 1 1 1 1 1 1 12 12 13 13 12 12 12 12 12 13 13 12 1 1 1 1 1 
1 1 1 1 1 1 12 12 12 12 12 12 1 1 1 1 1 1 1 1 1 1 1 1 1 13 13 12 12 12 12 12 13 13 12 1 1 1 1 1 
1 1 1 13 13 1 12 12 12 12 12 12 12 1 1 1 1 1 1 1 1 1 1 1 1 12 12 12 12 12 12 12 12 12 12 1 1 1 1 1 
1 1 1 13 13 12 12 12 12 12 12 12 12 12 12 12 13 1 1 1 1 1 1 1 1 1 1 12 12 12 12 12 12 12 12 1 1 1 1 1 
1 1 1 1 1 12 12 12 12 12 12 12 12 12 12 12 12 12 1 1 1 1 1 1 1 1 1 12 12 12 12 12 12 12 12 1 1 1 1 1 
1 1 1 1 1 1 1 1 1 12 12 12 12 12 12 12 12 12 1 1 1 1 1 1 1 1 1 1 1 12 12 12 12 12 1 1 1 1 1 1 
1 1 1 1 1 1 1 1 1 1 1 1 12 12 12 12 12 12 1 1 1 1 1 1 1 1 1 1 1 12 12 12 12 1 1 1 1 1 1 1 
1 1 1 1 1 1 1 1 1 1 1 1 1 1 13 12 12 12 12 1 1 1 1 1 1 1 1 1 1 1 12 12 12 1 1 1 1 1 1 1 
1 1 1 1 1 1 1 1 1 1 1 1 1 1 0 12 12 12 12 13 1 1 1 1 1 1 1 1 1 1 12 12 12 1 1 1 1 1 1 1 
1 1 1 1 1 1 1 1 1 1 1 1 1 1 1 1 12 12 12 12 1 1 1 1 1 1 1 1 1 1 12 12 12 1 1 1 1 1 1 1 
1 1 1 1 1 1 1 1 1 1 1 1 1 1 1 1 1 1 12 12 1 1 1 1 1 1 1 1 1 1 12 12 12 1 1 1 1 1 1 1 
1 1 1 1 1 1 1 1 1 1 1 1 1 1 1 1 1 1 12 12 12 12 12 1 1 1 1 1 1 1 12 12 12 1 1 1 1 1 1 1 
1 1 1 1 1 1 1 1 1 1 1 1 1 1 1 1 12 12 12 12 12 13 12 12 1 1 1 1 1 1 12 12 12 12 1 1 1 1 1 1 
1 1 1 1 1 1 1 1 1 1 1 1 1 1 1 12 12 1 1 12 12 12 12 13 1 1 1 1 1 1 1 1 12 12 1 1 1 1 1 1 
1 1 1 1 1 1 1 1 1 1 1 1 12 12 12 12 12 1 1 12 12 12 12 12 1 1 1 1 1 1 1 1 1 12 1 1 1 1 1 1 
1 1 1 1 1 1 1 1 4 4 4 4 12 12 12 12 12 12 12 12 12 12 12 12 1 1 1 1 1 1 1 1 1 1 1 1 1 1 1 1 
1 1 1 1 1 1 1 4 4 4 4 4 4 4 12 12 12 12 12 12 12 12 12 12 12 1 1 1 1 1 1 1 1 1 1 1 1 1 1 1 
1 1 1 1 1 4 4 4 4 4 4 4 4 4 1 1 12 12 12 12 12 12 12 12 12 1 1 1 1 1 1 1 1 1 1 1 1 1 1 1 
1 1 1 1 1 4 4 4 4 4 12 12 12 12 1 1 1 12 12 12 12 12 12 1 1 1 1 1 1 1 1 1 1 0 1 1 1 1 1 1 
1 1 1 1 4 4 4 4 4 4 12 12 12 12 12 12 12 12 12 12 12 12 12 1 12 12 1 1 1 1 1 1 1 1 1 1 1 1 1 1 
1 1 1 1 4 4 4 4 4 4 13 1 1 1 1 1 13 13 1 1 1 12 12 12 12 12 1 1 1 1 1 0 0 1 1 1 1 1 1 1 
1 1 1 1 4 4 4 4 4 4 13 1 1 1 1 1 12 1 1 1 12 12 12 12 1 1 1 1 1 1 1 1 1 1 1 1 1 1 1 1 
1 1 1 1 4 4 4 4 4 4 13 1 1 12 1 1 12 1 1 1 12 12 12 12 1 1 1 1 1 1 1 1 1 1 1 1 1 1 1 1 
1 1 1 12 12 4 4 4 4 4 13 1 1 1 1 1 12 1 1 12 12 12 12 12 12 12 1 1 1 1 1 0 1 1 1 1 1 1 1 1 
1 1 1 12 4 4 4 4 4 4 13 13 13 12 13 13 1 13 12 12 12 12 12 1 1 1 12 12 12 12 12 12 12 1 1 1 1 1 1 1 
1 1 1 1 4 4 4 4 4 4 12 12 12 12 12 12 12 12 12 12 12 12 1 1 1 1 1 12 0 0 0 0 0 1 1 1 1 1 1 1 
1 1 1 1 4 4 4 4 4 4 1 1 12 12 12 12 12 12 12 12 12 12 12 1 1 1 12 12 0 0 0 0 0 1 1 1 1 1 1 1 
1 1 1 1 4 4 4 4 4 4 4 1 12 12 12 12 12 12 12 1 1 12 12 12 12 12 12 12 0 1 1 1 1 1 1 1 1 1 1 1 
1 1 1 1 12 12 12 4 4 4 4 4 4 4 12 12 12 12 12 12 1 12 12 12 12 12 12 12 1 1 1 1 1 1 1 1 1 1 1 1 
1 1 1 1 12 12 12 12 4 4 4 4 4 4 1 1 12 12 12 12 12 12 12 12 12 12 12 1 1 1 1 1 1 1 1 1 1 1 1 1 
1 1 1 1 1 1 1 12 12 12 12 12 12 12 1 1 1 12 12 12 12 12 12 12 12 12 1 1 1 1 1 1 1 1 1 1 1 1 1 1 
1 1 1 1 1 1 1 1 1 1 1 1 1 1 1 1 1 1 1 12 12 12 12 12 1 1 1 1 1 1 1 1 1 1 1 1 1 1 1 1 
1 1 1 1 1 1 1 1 1 1 1 1 1 1 1 1 1 1 1 1 1 12 12 12 1 1 1 1 12 12 1 1 1 1 1 1 1 1 1 1 
1 1 1 1 1 1 1 1 1 1 1 1 1 1 1 1 1 1 1 12 12 12 12 12 1 1 1 1 1 1 1 1 1 1 1 1 1 1 1 1 
1 1 1 1 1 1 1 1 1 1 1 1 1 1 1 1 12 1 1 1 12 12 12 12 1 1 1 12 1 1 1 1 1 1 1 1 1 1 1 1 
1 1 1 1 1 1 1 1 1 1 1 1 1 1 1 1 12 1 12 12 1 12 12 12 1 1 1 1 1 12 1 1 1 1 1 1 1 1 1 1 
1 1 1 1 1 1 1 1 1 1 1 1 1 1 1 1 1 1 1 1 1 12 12 12 1 1 1 1 1 1 1 1 1 1 1 1 1 1 1 1 
1 1 1 1 1 1 1 1 1 1 1 1 1 1 1 1 1 1 1 1 12 12 12 12 12 12 12 1 1 1 1 1 1 1 1 1 1 1 1 1 
1 1 1 1 1 1 1 1 1 1 1 1 1 1 1 1 1 1 12 12 1 12 12 12 12 12 1 12 12 1 12 1 12 1 1 1 1 1 1 1 
1 1 1 1 1 1 1 12 1 1 1 1 12 1 12 1 1 1 1 1 12 12 12 12 12 12 1 1 1 1 12 1 1 1 1 1 1 1 1 1 
1 1 1 1 1 12 12 12 12 1 1 1 1 1 1 1 1 12 1 12 12 12 12 12 12 12 12 1 12 1 12 1 1 1 1 1 1 1 1 1 
1 1 12 1 12 12 12 1 1 1 1 1 1 1 1 1 1 12 12 12 12 12 12 12 12 12 12 12 12 1 1 12 1 1 1 1 1 1 1 1 
1 1 12 12 1 1 1 1 12 12 12 1 1 1 12 12 12 12 12 12 12 12 12 12 12 12 12 12 12 1 12 1 1 12 1 1 1 1 1 1 
1 1 1 1 1 12 12 12 1 1 1 1 1 1 12 12 12 12 12 12 12 12 12 12 12 1 1 12 12 1 1 12 1 1 1 12 1 1 1 1 
12 12 12 12 12 1 12 1 1 1 1 12 12 12 12 12 12 12 12 12 12 12 12 12 12 1 1 12 12 12 1 1 1 1 1 1 1 1 1 1 
12 1 12 12 12 1 1 1 12 12 12 1 12 12 12 12 12 12 12 12 12 12 12 12 12 12 12 12 1 1 12 12 1 12 12 12 1 1 1 1 
12 12 1 1 1 1 1 12 12 12 1 1 12 12 12 12 12 12 12 12 12 12 12 12 12 12 12 12 1 12 12 12 1 1 1 1 1 1 1 1 
1 1 1 1 12 12 1 1 1 1 1 1 1 12 12 12 12 12 12 12 1 1 1 1 1 1 1 1 1 1 1 1 1 1 12 1 1 1 12 1 
12 12 12 12 12 12 12 12 12 12 12 12 1 12 12 12 12 12 12 12 1 12 12 12 1 1 1 1 1 1 1 1 1 1 12 1 1 1 1 1 
12 12 12 12 12 12 12 12 12 12 12 12 1 12 12 12 12 12 12 12 1 12 12 1 1 1 1 1 1 1 1 1 1 1 1 1 1 1 12 1 
