connections=[
			{'down':'ROUTE 122 (0.37)'},
			{'left':'ROUTE 120 (0.35)'},
			{'right':'LILYCOVE CITY (0.5)'},
		],
events={
	
		'exits':[{'name':'ROUTE 121 (23.0)','x':37,'y':5},		],
	
		'NPCs':[
			{'is_trainer':0,'b1':10,'b2':0,'sprite':'24','x':29,'y':14},
			{'is_trainer':0,'b1':12,'b2':0,'sprite':'60','x':14,'y':2},
			{'is_trainer':0,'b1':12,'b2':0,'sprite':'60','x':15,'y':2},
			{'is_trainer':0,'b1':12,'b2':0,'sprite':'60','x':16,'y':2},
			{'is_trainer':0,'b1':12,'b2':0,'sprite':'60','x':17,'y':2},
			{'is_trainer':0,'b1':12,'b2':0,'sprite':'60','x':64,'y':14},
			{'is_trainer':0,'b1':12,'b2':0,'sprite':'60','x':65,'y':14},
			{'is_trainer':0,'b1':12,'b2':0,'sprite':'60','x':66,'y':14},
			{'is_trainer':0,'b1':12,'b2':0,'sprite':'60','x':67,'y':14},
			{'is_trainer':1,'b1':8,'b2':0,'sprite':'47','x':39,'y':9},
			{'is_trainer':1,'b1':8,'b2':0,'sprite':'47','x':40,'y':9},
			{'is_trainer':0,'b1':7,'b2':0,'sprite':'117','x':30,'y':8},
			{'is_trainer':0,'b1':10,'b2':0,'sprite':'117','x':30,'y':7},
			{'is_trainer':0,'b1':9,'b2':0,'sprite':'117','x':31,'y':7},
			{'is_trainer':0,'b1':1,'b2':0,'sprite':'82','x':32,'y':5},
			{'is_trainer':0,'b1':1,'b2':0,'sprite':'82','x':65,'y':4},
			{'is_trainer':1,'b1':9,'b2':0,'sprite':'18','x':63,'y':5},
			{'is_trainer':1,'b1':9,'b2':0,'sprite':'48','x':55,'y':8},
			{'is_trainer':1,'b1':7,'b2':0,'sprite':'40','x':11,'y':11},
			{'is_trainer':1,'b1':17,'b2':0,'sprite':'45','x':22,'y':5},
			{'is_trainer':0,'b1':1,'b2':0,'sprite':'59','x':55,'y':10},
			{'is_trainer':0,'b1':1,'b2':0,'sprite':'82','x':26,'y':12},
			{'is_trainer':1,'b1':26,'b2':0,'sprite':'39','x':11,'y':6},
			{'is_trainer':1,'b1':8,'b2':0,'sprite':'65','x':59,'y':8},
			{'is_trainer':1,'b1':7,'b2':0,'sprite':'20','x':59,'y':13},
			{'is_trainer':1,'b1':18,'b2':0,'sprite':'33','x':65,'y':9},
			{'is_trainer':1,'b1':17,'b2':0,'sprite':'34','x':72,'y':9},
			{'is_trainer':0,'b1':1,'b2':0,'sprite':'59','x':60,'y':10},
			{'is_trainer':0,'b1':1,'b2':0,'sprite':'59','x':38,'y':13},
		],
	
		'signs':[
			{'x':32,'y':14},
			{'x':40,'y':11},
			{'x':18,'y':13},
			{'x':43,'y':7},
			{'x':42,'y':7},
			{'x':39,'y':6},
			{'x':23,'y':10},
			{'x':58,'y':3},
			{'x':72,'y':5},
			{'x':68,'y':8},
		],
	
		'triggers':[
			{'x':25,'y':5,'flag':16500,'scriptPointer':2055704},
			{'x':25,'y':6,'flag':16500,'scriptPointer':2055704},
			{'x':25,'y':7,'flag':16500,'scriptPointer':2055704},
			{'x':25,'y':8,'flag':16500,'scriptPointer':2055704},
		],

},
partial_map=[
	[1, 1, 1, 1, 1, 1, 1, 1, 1, 1, 1, 1, 1, 1, 1, 1, 1, 1, 1, 1, 1, 1, 1, 1, 1, 1, 1, 1, 1, 1, 1, 1, 1, 1, 1, 1, 1, 1, 1, 1, 1, 1, 12, 13, 1, 1, 1, 1, 1, 1, 1, 1, 1, 1, 1, 1, 1, 1, 1, 1, 1, 1, 1, 1, 1, 1, 1, 1, 1, 1, 1, 1, 1, 1, 1, 1, 1, 1, 1, 1, ],
	[1, 1, 1, 1, 1, 1, 1, 1, 1, 1, 1, 1, 1, 1, 1, 1, 1, 1, 1, 1, 1, 1, 1, 1, 1, 1, 1, 1, 1, 1, 1, 1, 1, 1, 1, 1, 1, 1, 1, 1, 1, 1, 12, 1, 1, 1, 1, 1, 1, 1, 1, 1, 1, 1, 1, 1, 1, 1, 1, 1, 1, 1, 1, 1, 1, 1, 1, 1, 1, 1, 1, 1, 1, 1, 1, 1, 1, 1, 1, 1, ],
	[1, 1, 1, 1, 1, 1, 1, 1, 1, 1, 1, 1, 1, 1, 13, 13, 13, 13, 1, 1, 1, 1, 1, 1, 1, 1, 1, 12, 12, 12, 12, 12, 12, 12, 12, 1, 1, 1, 1, 1, 12, 12, 12, 1, 1, 1, 12, 12, 12, 12, 12, 12, 12, 12, 1, 1, 1, 1, 12, 12, 12, 12, 12, 12, 12, 12, 12, 12, 1, 1, 1, 1, 1, 1, 1, 1, 1, 1, 1, 1, ],
	[1, 1, 12, 12, 1, 1, 1, 1, 1, 1, 1, 1, 1, 1, 12, 12, 12, 12, 13, 1, 1, 1, 1, 1, 1, 13, 1, 12, 12, 12, 12, 12, 12, 12, 12, 1, 1, 1, 1, 1, 12, 12, 12, 1, 1, 1, 12, 12, 12, 12, 12, 12, 12, 12, 1, 1, 1, 1, 12, 12, 12, 12, 12, 12, 12, 12, 12, 12, 1, 1, 1, 1, 1, 1, 1, 1, 1, 1, 1, 1, ],
	[1, 1, 1, 1, 1, 1, 1, 1, 1, 1, 1, 1, 1, 1, 12, 12, 12, 1, 1, 1, 1, 1, 1, 1, 1, 1, 1, 1, 1, 1, 1, 1, 1, 1, 1, 1, 1, 1, 1, 1, 1, 1, 1, 1, 1, 1, 1, 1, 1, 1, 1, 1, 1, 1, 1, 1, 1, 1, 1, 1, 1, 1, 1, 1, 1, 12, 1, 1, 1, 1, 1, 1, 1, 1, 1, 1, 1, 1, 1, 1, ],
	[1, 1, 1, 1, 1, 1, 13, 1, 1, 1, 1, 1, 1, 13, 12, 12, 12, 12, 12, 12, 12, 12, 12, 12, 12, 12, 12, 12, 12, 12, 12, 12, 12, 12, 12, 1, 1, 1, 1, 1, 12, 1, 1, 1, 1, 1, 12, 12, 12, 12, 12, 12, 12, 12, 12, 12, 12, 12, 12, 12, 12, 12, 12, 12, 12, 12, 12, 12, 12, 12, 12, 12, 12, 1, 12, 12, 12, 12, 12, 12, ],
	[12, 12, 12, 12, 12, 12, 12, 12, 12, 12, 12, 12, 12, 12, 12, 12, 12, 12, 12, 12, 12, 12, 12, 12, 12, 12, 12, 12, 12, 12, 12, 12, 1, 1, 12, 12, 12, 12, 12, 1, 12, 1, 12, 12, 1, 1, 12, 12, 12, 12, 12, 12, 12, 12, 12, 12, 12, 12, 12, 12, 12, 12, 12, 12, 12, 12, 12, 12, 12, 12, 12, 12, 12, 1, 12, 12, 12, 12, 12, 12, ],
	[12, 12, 12, 12, 12, 12, 12, 12, 12, 12, 12, 12, 12, 12, 12, 12, 12, 12, 12, 12, 12, 12, 12, 12, 12, 12, 12, 12, 12, 12, 12, 12, 1, 1, 12, 12, 12, 12, 12, 12, 12, 1, 1, 1, 1, 1, 1, 1, 1, 1, 1, 12, 12, 1, 1, 1, 1, 12, 12, 1, 1, 1, 12, 12, 1, 1, 1, 1, 1, 1, 1, 1, 1, 1, 12, 12, 12, 12, 12, 12, ],
	[12, 12, 12, 12, 12, 12, 12, 12, 12, 12, 12, 12, 12, 12, 12, 12, 12, 12, 12, 12, 12, 12, 12, 12, 12, 12, 12, 12, 12, 12, 12, 12, 1, 1, 1, 1, 1, 12, 12, 1, 1, 1, 12, 12, 1, 12, 12, 12, 12, 12, 12, 12, 12, 12, 12, 12, 1, 12, 12, 12, 12, 1, 12, 12, 1, 12, 12, 12, 12, 12, 12, 12, 12, 1, 12, 12, 12, 12, 12, 12, ],
	[12, 12, 12, 12, 12, 12, 12, 12, 12, 12, 12, 12, 12, 12, 12, 12, 12, 1, 1, 1, 1, 1, 1, 1, 1, 1, 1, 1, 1, 1, 12, 12, 1, 1, 1, 1, 1, 12, 12, 12, 12, 12, 12, 12, 1, 12, 12, 12, 1, 1, 1, 1, 1, 1, 12, 1, 1, 12, 12, 12, 12, 1, 12, 12, 1, 12, 12, 12, 12, 12, 12, 12, 12, 1, 12, 12, 12, 12, 12, 12, ],
	[12, 12, 12, 12, 12, 12, 12, 12, 12, 12, 12, 12, 12, 12, 12, 12, 12, 12, 12, 12, 12, 12, 12, 12, 1, 1, 1, 1, 1, 1, 12, 12, 1, 1, 1, 1, 1, 12, 12, 12, 12, 12, 12, 12, 1, 12, 12, 12, 12, 12, 12, 12, 12, 12, 12, 12, 1, 12, 12, 12, 12, 1, 12, 12, 12, 12, 12, 12, 12, 12, 12, 12, 12, 12, 12, 12, 12, 12, 13, 13, ],
	[12, 12, 12, 12, 12, 12, 12, 12, 12, 12, 12, 12, 12, 12, 12, 12, 12, 12, 12, 12, 1, 1, 1, 1, 1, 1, 1, 1, 1, 1, 12, 12, 1, 1, 1, 1, 1, 1, 1, 1, 1, 1, 12, 12, 1, 1, 1, 1, 1, 1, 1, 1, 1, 1, 1, 1, 1, 12, 12, 12, 12, 1, 12, 12, 12, 12, 12, 12, 12, 12, 12, 12, 12, 12, 12, 12, 13, 13, 13, 13, ],
	[12, 12, 12, 12, 12, 12, 12, 12, 1, 1, 1, 1, 1, 1, 1, 1, 1, 1, 1, 1, 1, 1, 1, 1, 1, 1, 12, 12, 12, 12, 12, 12, 12, 12, 12, 12, 12, 12, 12, 12, 12, 12, 12, 12, 12, 12, 12, 12, 12, 12, 12, 12, 12, 12, 12, 12, 12, 12, 12, 12, 12, 1, 1, 1, 1, 1, 1, 1, 1, 1, 1, 1, 12, 12, 12, 12, 13, 13, 1, 1, ],
	[12, 12, 12, 12, 12, 12, 12, 12, 13, 1, 1, 13, 1, 1, 1, 13, 1, 1, 1, 1, 1, 1, 12, 12, 12, 12, 12, 1, 1, 1, 12, 12, 1, 1, 1, 12, 12, 12, 12, 12, 12, 12, 12, 12, 12, 12, 12, 12, 12, 12, 12, 12, 12, 12, 12, 12, 12, 12, 12, 12, 12, 1, 12, 12, 12, 12, 12, 12, 12, 12, 12, 12, 12, 12, 1, 1, 1, 1, 1, 1, ],
	[1, 1, 1, 1, 1, 1, 1, 1, 1, 1, 1, 1, 1, 1, 1, 1, 1, 1, 12, 12, 12, 12, 12, 1, 1, 1, 1, 1, 1, 12, 12, 12, 1, 1, 1, 1, 1, 1, 1, 1, 12, 12, 12, 12, 12, 12, 12, 12, 12, 12, 12, 12, 12, 12, 12, 12, 12, 12, 12, 1, 1, 1, 12, 12, 13, 13, 13, 13, 12, 12, 12, 12, 12, 12, 1, 1, 1, 1, 1, 1, ],
	[20, 20, 20, 1, 1, 20, 20, 20, 1, 1, 1, 1, 1, 1, 1, 1, 1, 1, 1, 1, 1, 1, 1, 1, 4, 4, 4, 4, 1, 12, 12, 12, 12, 1, 4, 4, 4, 4, 4, 1, 1, 1, 1, 1, 1, 1, 1, 1, 1, 1, 1, 1, 1, 1, 1, 1, 1, 1, 1, 1, 1, 1, 1, 1, 1, 1, 1, 1, 1, 1, 1, 1, 1, 1, 1, 0, 12, 12, 12, 12, ],
	[12, 12, 20, 13, 13, 1, 1, 1, 1, 12, 12, 12, 12, 12, 12, 1, 1, 1, 1, 4, 4, 4, 4, 4, 4, 4, 1, 5, 1, 12, 12, 12, 12, 1, 5, 1, 4, 4, 4, 4, 4, 4, 4, 4, 4, 4, 4, 4, 4, 4, 4, 4, 4, 4, 4, 4, 4, 4, 4, 4, 4, 4, 4, 4, 4, 4, 4, 1, 1, 1, 1, 1, 1, 1, 1, 1, 12, 12, 12, 12, ],
	[1, 1, 20, 1, 1, 1, 1, 1, 1, 1, 1, 1, 1, 1, 1, 1, 4, 4, 4, 4, 4, 4, 4, 4, 4, 4, 1, 5, 1, 12, 12, 12, 12, 1, 5, 1, 1, 1, 4, 4, 4, 4, 4, 4, 4, 4, 4, 4, 4, 4, 4, 4, 4, 4, 4, 4, 4, 4, 4, 4, 4, 4, 4, 4, 4, 4, 4, 12, 12, 12, 12, 12, 12, 12, 12, 12, 12, 12, 12, 12, ],
	[13, 13, 1, 1, 12, 12, 1, 4, 4, 4, 4, 4, 4, 4, 4, 4, 4, 4, 4, 4, 4, 4, 4, 4, 4, 1, 1, 4, 1, 12, 12, 12, 12, 1, 4, 4, 1, 1, 1, 1, 1, 1, 4, 4, 4, 4, 4, 4, 4, 4, 4, 4, 4, 4, 4, 4, 4, 4, 4, 4, 4, 4, 4, 4, 4, 4, 4, 12, 12, 12, 12, 12, 12, 12, 12, 12, 12, 12, 12, 12, ],
	[20, 1, 1, 12, 1, 1, 1, 4, 4, 4, 4, 4, 4, 4, 4, 4, 4, 4, 4, 4, 4, 4, 4, 4, 4, 1, 1, 4, 4, 4, 4, 4, 4, 4, 4, 4, 4, 4, 1, 1, 1, 1, 4, 4, 4, 4, 4, 4, 4, 4, 4, 4, 4, 4, 4, 4, 4, 4, 4, 4, 4, 4, 4, 4, 4, 4, 4, 12, 12, 12, 12, 12, 12, 12, 12, 12, 12, 12, 12, 12, ],
]
