Connections;up:ROUTE 119 (0.34);left:MAUVILLE CITY (0.2);right:ROUTE 123 (0.38);
Exits;TERRA CAVE (24.104);TERRA CAVE (24.104);
1 1 1 1 1 1 1 1 1 0 0 1 1 1 1 1 1 1 1 1 1 12 4 4 4 4 4 12 12 1 1 1 1 1 1 1 1 1 1 1 1 1 1 1 1 1 1 1 1 1 1 1 1 1 1 1 1 12 12 12 1 1 1 1 1 1 1 1 1 1 1 1 1 1 1 1 1 1 1 1 
1 1 1 1 1 1 1 1 1 0 0 1 1 1 1 1 1 1 1 1 1 12 4 4 4 4 4 12 12 1 1 1 1 1 1 1 1 1 1 1 1 1 1 1 1 1 1 1 1 1 1 1 1 1 1 1 1 12 12 12 1 1 1 1 1 1 1 1 1 1 1 1 1 1 1 1 1 1 1 1 
1 1 1 1 1 1 1 1 1 0 0 1 1 1 1 1 1 1 1 1 1 12 4 4 4 4 4 12 12 1 1 1 1 1 1 1 1 1 1 1 1 1 1 1 1 1 1 1 1 1 1 1 1 1 1 1 1 12 12 12 1 1 1 1 1 1 1 1 1 1 1 1 1 1 1 1 1 1 1 1 
1 1 1 1 1 1 1 1 1 0 1 1 1 1 1 1 1 1 1 1 4 4 4 4 1 1 4 4 1 0 1 1 1 1 1 1 1 1 1 1 1 1 1 1 1 1 1 1 1 1 1 1 1 1 1 1 1 12 12 12 1 1 1 1 1 1 1 1 1 1 1 1 1 1 1 1 1 1 1 1 
1 1 1 1 1 13 1 1 1 1 1 1 1 1 1 1 1 1 1 1 4 4 1 1 1 1 1 1 1 0 1 1 1 1 1 1 1 1 1 1 1 1 1 1 1 1 12 12 1 1 1 1 1 1 1 12 12 12 12 12 1 1 1 1 1 1 1 1 1 1 1 1 1 1 1 1 1 1 1 1 
1 1 1 12 12 12 1 1 1 1 1 1 1 1 1 1 1 1 0 1 1 1 1 1 4 4 1 1 1 1 1 1 1 1 12 13 13 13 12 1 1 1 1 1 1 1 1 1 1 1 1 12 12 12 12 12 12 12 12 12 12 12 12 12 12 12 1 1 1 1 1 1 1 1 1 1 1 1 1 1 
1 12 12 12 12 12 1 1 1 1 1 1 1 1 13 1 13 1 0 1 1 1 4 4 4 4 4 4 12 12 12 1 1 1 1 12 12 12 12 1 1 1 1 1 1 1 12 12 12 12 12 12 12 12 12 12 12 12 12 12 12 12 12 12 12 12 1 1 1 1 1 1 1 1 1 1 1 1 1 1 
12 12 12 12 12 12 12 12 12 12 12 12 12 12 12 12 12 1 1 1 4 4 4 4 4 4 4 4 1 12 12 12 1 1 1 1 12 12 12 12 12 12 12 12 12 12 12 12 12 12 12 12 12 12 12 12 12 12 12 12 12 12 12 12 12 12 12 12 12 12 1 1 1 1 1 1 12 12 1 1 
12 12 12 12 12 12 12 12 12 12 12 12 12 12 12 12 12 13 4 4 4 4 4 4 4 4 4 4 12 12 12 12 12 12 12 1 1 12 12 13 13 13 13 13 13 13 13 13 13 13 13 13 13 13 13 13 1 12 12 12 13 13 13 13 13 13 13 13 13 13 13 13 13 13 13 13 13 1 1 1 
12 12 12 12 12 1 12 12 12 12 12 12 12 12 12 12 12 12 4 4 4 4 4 4 4 4 4 4 12 12 12 12 12 12 12 1 1 1 12 12 12 12 12 12 12 12 12 12 12 12 12 12 12 12 12 12 12 12 12 12 12 12 12 12 12 12 12 12 12 12 12 12 12 12 12 12 12 12 1 1 
12 12 12 12 12 1 12 12 12 12 12 12 12 12 12 12 12 12 4 4 4 4 4 4 4 4 4 4 4 4 4 12 12 12 12 1 1 1 12 12 12 12 12 12 12 12 12 12 12 12 12 12 12 12 12 12 12 12 12 12 12 12 12 12 12 12 12 12 12 12 12 12 12 12 12 12 12 12 12 12 
12 12 12 12 12 1 12 12 12 1 12 12 12 12 12 12 12 12 4 4 4 4 4 4 4 4 4 4 4 4 4 12 12 12 12 12 1 1 13 12 12 12 12 12 12 12 12 12 12 12 12 12 12 12 12 12 12 12 12 12 12 12 12 12 12 12 12 12 12 12 12 12 12 12 12 12 12 12 12 12 
12 1 1 1 1 13 12 12 12 13 12 12 12 12 12 12 4 4 4 4 4 4 4 4 4 4 4 4 4 4 4 12 12 12 12 12 12 1 13 13 13 13 13 12 12 12 1 1 1 12 12 12 12 12 12 12 12 12 12 12 12 12 12 12 12 12 12 12 12 12 12 12 12 12 12 12 12 12 12 12 
1 1 1 1 1 1 12 1 1 13 12 12 12 12 12 12 4 4 4 4 4 4 4 4 4 4 4 4 4 4 4 13 12 12 12 12 12 12 12 12 12 12 12 12 12 12 1 1 1 1 1 1 12 12 12 12 12 12 12 12 1 1 1 1 12 12 12 12 12 12 12 12 12 12 12 12 1 1 1 1 
12 12 0 0 1 1 1 1 1 1 12 12 13 12 12 12 4 4 4 4 4 4 4 4 4 4 4 4 4 4 4 4 4 4 12 12 12 12 12 12 12 12 12 12 12 13 1 1 1 1 1 1 1 1 12 12 12 1 1 1 1 1 1 1 1 12 12 12 12 12 12 12 1 1 1 1 1 1 1 1 
1 1 1 1 1 1 1 1 1 12 13 12 12 4 4 4 4 4 4 4 4 4 4 4 4 4 4 4 4 4 4 4 4 4 4 4 4 4 4 12 12 12 12 12 12 12 12 12 13 1 1 1 1 1 1 1 1 1 1 1 1 1 1 1 1 1 1 1 1 1 1 1 1 1 1 1 1 1 1 1 
1 1 1 1 1 4 4 4 4 1 1 4 4 4 4 4 4 4 4 4 4 1 1 4 4 4 1 1 4 4 4 4 4 4 4 4 4 4 4 4 4 4 4 4 4 4 1 1 4 1 1 1 1 1 1 1 1 1 1 1 1 1 1 1 1 1 1 1 1 1 1 1 1 1 1 1 1 1 1 1 
1 1 1 1 1 4 4 4 4 1 1 1 1 4 4 4 4 4 4 1 1 1 1 4 1 1 1 1 1 1 4 4 1 1 4 4 1 1 4 4 4 4 1 1 1 1 1 1 4 1 13 13 13 13 13 13 1 1 1 1 1 1 1 1 1 1 1 1 1 1 1 1 1 1 1 1 1 1 1 1 
1 1 1 1 1 4 4 4 4 4 4 1 1 1 1 1 1 1 1 1 1 4 1 1 1 1 4 4 1 1 1 1 1 1 1 1 1 1 1 1 1 1 1 1 1 1 4 4 4 4 4 4 4 4 4 4 1 1 1 1 1 1 1 1 1 1 1 1 1 1 1 1 1 1 1 1 1 1 1 1 
4 4 4 4 4 4 4 4 4 4 4 4 4 1 1 1 1 1 1 4 4 4 1 1 4 4 4 4 4 4 1 1 4 4 1 1 4 4 1 1 1 1 4 4 4 4 4 4 4 4 4 4 4 4 4 4 4 1 1 1 1 1 1 1 1 1 1 1 1 1 1 1 1 1 1 1 1 1 1 1 
