connections=[
		],
events={
	{
		exits:[ROUTE 110 (29.3),ROUTE 110 (29.2),		]},
	{
		NPCs:[
			{is_trainer:0,b1:10,b2:0,sprite:19},
		]},
	{
		signs:[
			{x:4,y:5},
		]},
	{
		triggers:[
			{x:2,y:2,flag:16386,scriptPointer:2535489},
		]},

},
[
	[1, 1, 1, 1, 1, 1, 1, 1, 1, 1, 1, 1, ],
	[1, 1, 12, 1, 1, 1, 1, 1, 1, 13, 12, 13, ],
	[12, 12, 12, 12, 12, 12, 12, 12, 12, 12, 12, 12, ],
	[12, 12, 12, 12, 12, 12, 12, 12, 12, 12, 12, 12, ],
	[12, 12, 12, 12, 12, 1, 1, 12, 12, 12, 12, 12, ],
	[12, 12, 12, 12, 12, 1, 1, 12, 12, 12, 12, 12, ],
	[12, 12, 12, 12, 12, 12, 12, 12, 12, 12, 12, 12, ],
	[12, 12, 12, 12, 12, 12, 12, 12, 12, 12, 12, 12, ],
]
