connections=[
			{'up':'ROUTE 113 (0.28)'},
			{'left':'LAVARIDGE TOWN (0.12)'},
			{'right':'ROUTE 111 (0.26)'},
		],
events={
	
		'exits':[{'name':'ROUTE 112 (19.0)','x':28,'y':27},{'name':'ROUTE 112 (19.0)','x':29,'y':27},{'name':'JAGGED PASS (24.13)','x':6,'y':46},{'name':'JAGGED PASS (24.13)','x':7,'y':46},{'name':'FIERY PATH (24.14)','x':11,'y':36},{'name':'FIERY PATH (24.14)','x':22,'y':10},		],
	
		'NPCs':[
			{'is_trainer':0,'b1':7,'b2':0,'sprite':'119','x':26,'y':30},
			{'is_trainer':1,'b1':14,'b2':0,'sprite':'55','x':24,'y':34},
			{'is_trainer':1,'b1':8,'b2':0,'sprite':'31','x':29,'y':49},
			{'is_trainer':1,'b1':23,'b2':0,'sprite':'32','x':22,'y':46},
			{'is_trainer':1,'b1':16,'b2':0,'sprite':'55','x':15,'y':40},
			{'is_trainer':0,'b1':7,'b2':0,'sprite':'119','x':27,'y':30},
			{'is_trainer':0,'b1':12,'b2':0,'sprite':'60','x':27,'y':6},
			{'is_trainer':0,'b1':12,'b2':0,'sprite':'60','x':28,'y':6},
			{'is_trainer':0,'b1':12,'b2':0,'sprite':'60','x':29,'y':6},
			{'is_trainer':0,'b1':12,'b2':0,'sprite':'60','x':30,'y':6},
			{'is_trainer':0,'b1':26,'b2':0,'sprite':'55','x':8,'y':50},
			{'is_trainer':0,'b1':1,'b2':0,'sprite':'59','x':14,'y':43},
			{'is_trainer':1,'b1':18,'b2':0,'sprite':'66','x':31,'y':7},
			{'is_trainer':1,'b1':15,'b2':0,'sprite':'20','x':31,'y':11},
		],
	
		'signs':[
			{'x':19,'y':44},
			{'x':22,'y':37},
			{'x':4,'y':49},
		],
	
		'triggers':[
		],

},
partial_map=[
	[1, 1, 1, 1, 1, 1, 1, 1, 1, 1, 1, 1, 1, 1, 1, 1, 1, 1, 1, 1, 1, 1, 1, 1, 1, 1, 1, 1, 1, 1, 1, 1, 1, 1, 1, 1, 1, 1, 1, 1, ],
	[1, 1, 1, 1, 1, 1, 1, 1, 1, 1, 1, 1, 1, 1, 1, 1, 1, 1, 1, 1, 1, 1, 1, 1, 1, 1, 1, 1, 1, 1, 1, 1, 1, 1, 1, 1, 1, 1, 1, 1, ],
	[1, 1, 1, 1, 1, 1, 1, 1, 1, 1, 1, 1, 1, 1, 1, 1, 1, 1, 1, 1, 1, 1, 1, 1, 1, 1, 1, 1, 1, 1, 1, 1, 1, 1, 1, 1, 1, 1, 1, 1, ],
	[1, 1, 1, 1, 1, 1, 1, 1, 1, 1, 1, 1, 1, 1, 1, 1, 1, 1, 1, 1, 1, 1, 1, 1, 1, 1, 1, 1, 1, 1, 1, 1, 1, 1, 1, 1, 1, 1, 1, 1, ],
	[1, 1, 1, 1, 1, 1, 1, 1, 1, 1, 1, 1, 1, 1, 1, 1, 1, 1, 1, 1, 1, 1, 1, 1, 1, 1, 1, 1, 1, 1, 1, 1, 1, 1, 1, 1, 1, 1, 1, 1, ],
	[1, 1, 1, 1, 1, 1, 1, 1, 1, 1, 1, 1, 1, 1, 13, 1, 1, 1, 1, 1, 1, 1, 1, 1, 1, 1, 1, 1, 1, 1, 1, 1, 1, 1, 1, 1, 1, 1, 1, 1, ],
	[1, 1, 1, 1, 1, 1, 1, 1, 1, 1, 1, 1, 1, 1, 1, 1, 1, 1, 1, 1, 1, 1, 1, 1, 1, 1, 12, 13, 13, 13, 13, 12, 1, 1, 1, 12, 12, 1, 1, 1, ],
	[1, 1, 1, 1, 1, 1, 1, 1, 1, 1, 1, 1, 1, 1, 1, 1, 1, 1, 1, 1, 1, 1, 1, 1, 1, 1, 12, 12, 12, 12, 12, 12, 13, 12, 12, 12, 12, 12, 13, 1, ],
	[1, 1, 1, 1, 1, 1, 1, 1, 1, 1, 1, 1, 1, 1, 1, 1, 1, 1, 1, 1, 1, 1, 1, 1, 1, 13, 13, 12, 12, 12, 12, 12, 12, 12, 12, 12, 12, 12, 12, 12, ],
	[1, 1, 1, 1, 1, 1, 1, 1, 1, 1, 1, 1, 1, 1, 1, 1, 1, 1, 1, 1, 1, 1, 1, 1, 1, 13, 13, 12, 12, 12, 12, 12, 12, 12, 12, 12, 12, 12, 12, 12, ],
	[1, 1, 1, 1, 1, 1, 1, 1, 1, 1, 1, 1, 1, 1, 1, 1, 1, 1, 1, 1, 1, 1, 0, 1, 1, 12, 12, 12, 12, 12, 12, 12, 12, 12, 12, 12, 12, 12, 12, 12, ],
	[1, 1, 1, 1, 1, 1, 1, 1, 1, 1, 1, 1, 1, 1, 1, 1, 1, 1, 1, 1, 1, 1, 12, 12, 12, 12, 12, 12, 12, 12, 12, 12, 12, 12, 12, 1, 1, 12, 12, 12, ],
	[1, 1, 1, 1, 1, 1, 1, 1, 1, 1, 1, 1, 1, 1, 1, 1, 1, 1, 1, 1, 1, 12, 12, 12, 12, 12, 12, 12, 12, 12, 12, 13, 12, 1, 1, 1, 1, 1, 1, 1, ],
	[1, 1, 1, 1, 1, 1, 1, 1, 1, 1, 1, 1, 1, 1, 1, 1, 1, 1, 1, 1, 1, 1, 1, 12, 12, 12, 13, 13, 12, 12, 12, 12, 1, 1, 1, 1, 1, 1, 1, 1, ],
	[1, 1, 1, 1, 1, 1, 1, 1, 1, 1, 1, 1, 1, 1, 1, 1, 1, 1, 1, 1, 1, 1, 1, 1, 1, 1, 13, 13, 1, 1, 1, 1, 1, 1, 1, 1, 1, 1, 1, 1, ],
	[1, 1, 1, 1, 1, 1, 1, 1, 1, 1, 1, 1, 1, 1, 1, 1, 1, 1, 1, 1, 1, 1, 1, 1, 1, 1, 1, 1, 1, 1, 1, 1, 1, 1, 1, 1, 1, 1, 1, 1, ],
	[1, 1, 1, 1, 1, 1, 1, 1, 1, 1, 1, 1, 1, 1, 1, 1, 1, 1, 1, 1, 1, 1, 1, 1, 1, 1, 1, 1, 1, 1, 1, 1, 1, 1, 1, 1, 1, 1, 1, 1, ],
	[1, 1, 1, 1, 1, 1, 1, 1, 1, 1, 1, 1, 1, 1, 1, 1, 1, 1, 1, 1, 1, 1, 13, 1, 1, 1, 1, 13, 1, 1, 1, 1, 1, 1, 1, 1, 1, 1, 1, 1, ],
	[1, 1, 1, 1, 1, 1, 1, 1, 1, 1, 1, 1, 1, 1, 1, 1, 1, 1, 1, 1, 1, 1, 13, 1, 1, 13, 1, 13, 1, 1, 1, 1, 1, 1, 1, 1, 1, 1, 1, 1, ],
	[1, 1, 1, 1, 1, 1, 1, 1, 1, 1, 1, 1, 1, 1, 1, 1, 1, 1, 1, 1, 1, 1, 13, 12, 1, 13, 1, 1, 1, 1, 1, 1, 1, 1, 1, 1, 1, 1, 1, 1, ],
	[1, 1, 1, 1, 1, 1, 1, 1, 1, 1, 1, 1, 1, 1, 1, 1, 1, 1, 1, 1, 1, 12, 13, 12, 1, 13, 13, 13, 1, 1, 1, 1, 1, 1, 1, 1, 1, 1, 1, 1, ],
	[1, 1, 1, 1, 1, 1, 1, 1, 1, 1, 1, 1, 1, 1, 1, 1, 1, 1, 1, 1, 12, 13, 12, 1, 1, 13, 13, 13, 13, 13, 1, 1, 1, 1, 1, 1, 1, 1, 1, 1, ],
	[1, 1, 1, 1, 1, 1, 1, 1, 1, 1, 1, 1, 1, 1, 1, 1, 1, 1, 1, 1, 12, 1, 1, 1, 12, 1, 1, 1, 1, 1, 12, 12, 12, 1, 1, 1, 1, 1, 1, 1, ],
	[1, 1, 1, 1, 1, 1, 1, 1, 1, 1, 1, 1, 1, 1, 1, 1, 1, 1, 1, 1, 12, 1, 12, 12, 1, 1, 12, 12, 1, 1, 0, 0, 13, 1, 12, 1, 1, 1, 1, 1, ],
	[1, 1, 1, 1, 1, 1, 1, 1, 1, 1, 1, 1, 1, 1, 1, 1, 1, 1, 1, 1, 12, 1, 12, 12, 12, 12, 12, 1, 1, 1, 1, 0, 12, 1, 1, 1, 1, 1, 1, 1, ],
	[1, 1, 1, 1, 1, 1, 1, 1, 1, 1, 1, 1, 1, 1, 1, 1, 1, 1, 1, 1, 12, 1, 12, 12, 13, 12, 12, 1, 1, 1, 1, 1, 13, 12, 1, 1, 1, 1, 1, 1, ],
	[1, 1, 1, 1, 1, 1, 1, 1, 1, 1, 1, 12, 1, 1, 1, 1, 1, 1, 1, 1, 1, 1, 12, 12, 13, 12, 12, 1, 1, 1, 1, 1, 13, 1, 1, 1, 1, 1, 1, 1, ],
	[1, 1, 1, 1, 1, 1, 1, 1, 1, 1, 1, 1, 1, 1, 1, 1, 1, 1, 1, 1, 1, 12, 1, 12, 12, 12, 1, 1, 0, 0, 1, 1, 13, 13, 1, 1, 1, 1, 1, 1, ],
	[1, 1, 1, 1, 1, 1, 1, 1, 1, 1, 1, 1, 1, 1, 1, 1, 1, 1, 1, 1, 1, 1, 12, 1, 1, 1, 12, 12, 12, 12, 12, 12, 12, 1, 1, 1, 1, 1, 1, 1, ],
	[1, 1, 1, 1, 1, 1, 1, 1, 1, 1, 1, 1, 1, 1, 1, 1, 1, 1, 1, 12, 1, 1, 1, 1, 1, 12, 12, 12, 12, 12, 12, 1, 1, 1, 12, 1, 1, 1, 1, 1, ],
	[1, 1, 1, 1, 1, 1, 1, 1, 1, 1, 1, 1, 1, 1, 1, 1, 12, 12, 1, 1, 1, 1, 1, 1, 13, 13, 12, 12, 13, 13, 1, 13, 13, 1, 1, 1, 1, 1, 1, 1, ],
	[1, 1, 1, 1, 1, 1, 1, 1, 1, 1, 1, 1, 1, 1, 1, 1, 1, 1, 1, 1, 1, 1, 1, 12, 12, 12, 12, 12, 12, 12, 1, 1, 1, 1, 1, 12, 1, 1, 1, 1, ],
	[1, 1, 1, 1, 13, 13, 1, 1, 1, 13, 13, 1, 1, 1, 1, 1, 1, 1, 1, 1, 1, 1, 1, 12, 12, 12, 12, 12, 12, 1, 1, 1, 1, 1, 1, 13, 1, 1, 1, 1, ],
	[13, 13, 13, 1, 1, 1, 1, 1, 1, 1, 1, 1, 1, 1, 1, 1, 1, 1, 1, 1, 12, 1, 12, 12, 12, 12, 12, 12, 1, 1, 1, 1, 13, 1, 12, 1, 1, 1, 1, 1, ],
	[1, 1, 1, 1, 13, 13, 13, 13, 1, 1, 1, 1, 1, 1, 1, 12, 1, 1, 1, 1, 12, 12, 12, 12, 12, 12, 12, 12, 1, 1, 1, 1, 1, 1, 1, 1, 1, 1, 1, 1, ],
	[1, 1, 1, 1, 1, 1, 1, 1, 1, 1, 1, 0, 1, 1, 1, 1, 1, 12, 12, 12, 12, 12, 12, 12, 12, 12, 12, 1, 1, 1, 1, 1, 1, 1, 1, 12, 1, 1, 1, 1, ],
	[1, 1, 1, 1, 1, 1, 1, 1, 1, 1, 1, 0, 1, 1, 1, 12, 12, 12, 12, 12, 12, 12, 12, 12, 12, 12, 12, 1, 1, 1, 1, 1, 1, 1, 12, 1, 1, 1, 1, 1, ],
	[1, 1, 1, 1, 1, 1, 1, 1, 1, 12, 12, 12, 12, 12, 12, 12, 12, 12, 12, 12, 12, 12, 1, 12, 12, 12, 12, 1, 1, 1, 1, 1, 1, 1, 1, 1, 1, 1, 1, 1, ],
	[1, 1, 1, 1, 1, 1, 1, 1, 1, 12, 12, 12, 12, 12, 12, 12, 12, 12, 12, 12, 12, 12, 12, 12, 12, 12, 1, 1, 1, 1, 1, 1, 1, 1, 1, 1, 1, 1, 1, 1, ],
	[1, 1, 1, 1, 1, 1, 1, 1, 1, 1, 1, 12, 12, 12, 12, 12, 12, 12, 12, 12, 12, 12, 12, 12, 12, 12, 1, 1, 1, 1, 1, 1, 1, 1, 1, 1, 1, 1, 1, 1, ],
	[1, 1, 1, 1, 1, 1, 1, 1, 1, 1, 1, 1, 1, 12, 12, 12, 12, 12, 12, 12, 12, 12, 12, 1, 1, 1, 1, 1, 1, 1, 1, 1, 1, 1, 1, 1, 1, 1, 1, 1, ],
	[1, 1, 1, 1, 1, 1, 1, 1, 1, 1, 1, 1, 1, 1, 1, 1, 1, 1, 1, 1, 12, 12, 1, 1, 1, 1, 1, 1, 1, 1, 1, 1, 1, 1, 1, 12, 1, 1, 1, 1, ],
	[1, 1, 1, 1, 1, 1, 1, 1, 1, 1, 1, 1, 1, 1, 1, 1, 1, 1, 1, 1, 12, 12, 1, 1, 1, 1, 1, 1, 1, 1, 1, 12, 13, 1, 1, 1, 1, 1, 1, 1, ],
	[1, 1, 1, 1, 1, 1, 1, 1, 1, 1, 1, 1, 1, 1, 12, 1, 1, 1, 1, 1, 12, 12, 1, 1, 1, 1, 12, 12, 12, 12, 12, 1, 1, 1, 1, 1, 0, 1, 1, 1, ],
	[1, 1, 1, 1, 1, 1, 1, 1, 1, 1, 1, 1, 1, 1, 12, 1, 12, 1, 12, 1, 12, 12, 12, 12, 12, 12, 12, 12, 12, 12, 12, 12, 12, 12, 1, 1, 1, 1, 1, 1, ],
	[1, 1, 1, 1, 1, 1, 1, 1, 1, 1, 1, 1, 1, 1, 12, 1, 12, 1, 12, 12, 12, 12, 12, 12, 12, 12, 12, 12, 12, 12, 12, 12, 12, 12, 12, 12, 1, 1, 1, 1, ],
	[1, 1, 1, 1, 1, 1, 12, 12, 1, 1, 1, 12, 12, 1, 12, 1, 12, 1, 12, 12, 12, 12, 12, 1, 1, 1, 1, 1, 1, 1, 1, 12, 12, 12, 12, 12, 12, 12, 12, 12, ],
	[12, 1, 1, 1, 1, 1, 12, 12, 1, 1, 1, 12, 12, 1, 12, 1, 12, 1, 12, 12, 12, 12, 12, 1, 1, 1, 1, 1, 1, 1, 1, 1, 12, 12, 12, 12, 12, 12, 12, 12, ],
	[12, 12, 1, 1, 1, 12, 12, 12, 1, 1, 1, 12, 12, 1, 12, 1, 12, 1, 12, 12, 12, 12, 12, 12, 12, 1, 1, 1, 1, 1, 1, 1, 12, 12, 12, 12, 12, 12, 12, 12, ],
	[12, 12, 12, 12, 1, 12, 12, 12, 12, 1, 1, 12, 12, 1, 12, 1, 12, 1, 12, 12, 12, 12, 12, 12, 12, 12, 12, 12, 12, 12, 1, 1, 12, 12, 12, 12, 12, 12, 12, 12, ],
	[12, 12, 12, 12, 12, 12, 12, 12, 12, 12, 1, 12, 12, 1, 12, 1, 12, 1, 12, 12, 12, 12, 12, 12, 12, 12, 12, 12, 12, 12, 12, 12, 12, 12, 12, 12, 12, 12, 12, 12, ],
	[12, 12, 12, 12, 12, 12, 12, 12, 12, 12, 1, 12, 12, 1, 12, 1, 12, 1, 12, 12, 12, 12, 12, 12, 12, 12, 12, 12, 12, 12, 12, 12, 12, 12, 12, 12, 12, 12, 12, 12, ],
	[12, 12, 12, 12, 12, 12, 12, 12, 12, 12, 1, 12, 12, 1, 12, 1, 12, 1, 12, 12, 12, 12, 12, 12, 12, 12, 12, 12, 12, 12, 12, 12, 12, 12, 12, 12, 12, 12, 1, 1, ],
	[12, 12, 12, 12, 12, 12, 12, 12, 12, 12, 1, 1, 1, 1, 1, 1, 1, 1, 1, 1, 1, 1, 1, 1, 1, 1, 1, 1, 1, 1, 1, 1, 1, 1, 13, 1, 1, 1, 1, 1, ],
	[1, 12, 12, 12, 12, 12, 12, 12, 12, 1, 1, 1, 1, 1, 1, 1, 1, 1, 12, 12, 12, 12, 12, 12, 1, 1, 1, 1, 1, 1, 1, 1, 1, 1, 13, 1, 1, 1, 1, 1, ],
	[1, 1, 1, 1, 1, 1, 1, 1, 1, 1, 1, 1, 1, 1, 1, 1, 1, 1, 1, 1, 1, 1, 1, 1, 1, 1, 1, 1, 1, 1, 1, 1, 1, 1, 1, 1, 1, 1, 1, 1, ],
	[1, 1, 1, 1, 1, 1, 1, 1, 1, 1, 1, 1, 1, 1, 1, 1, 1, 1, 1, 1, 1, 1, 1, 1, 1, 1, 1, 1, 1, 1, 1, 1, 1, 1, 1, 1, 1, 1, 1, 1, ],
	[1, 1, 1, 1, 1, 1, 1, 1, 1, 1, 1, 1, 1, 1, 1, 1, 1, 1, 1, 1, 1, 1, 1, 1, 1, 1, 1, 1, 1, 1, 1, 1, 1, 1, 1, 1, 1, 1, 1, 1, ],
	[1, 1, 1, 1, 1, 1, 1, 1, 1, 1, 1, 1, 1, 1, 1, 1, 1, 1, 1, 1, 1, 1, 1, 1, 1, 1, 1, 1, 1, 1, 1, 1, 1, 1, 1, 1, 1, 1, 1, 1, ],
	[1, 1, 1, 1, 1, 1, 1, 1, 1, 1, 1, 1, 1, 1, 1, 1, 1, 1, 1, 1, 1, 1, 1, 1, 1, 1, 1, 1, 1, 1, 1, 1, 1, 1, 1, 1, 1, 1, 1, 1, ],
]
