connections=[
		],
events={
	{
		exits:[RUSTBORO CITY (0.3),RUSTBORO CITY (0.3),		]},
	{
		NPCs:[
			{is_trainer:0,b1:8,b2:0,sprite:18},
			{is_trainer:0,b1:7,b2:0,sprite:12},
		]},
	{
		signs:[
		]},
	{
		triggers:[
		]},

},
[
	[1, 1, 1, 1, 1, 1, 1, 1, 1, 1, 1, 1, ],
	[1, 1, 1, 1, 1, 1, 1, 1, 1, 1, 1, 1, ],
	[12, 12, 12, 12, 12, 12, 12, 12, 12, 12, 12, 12, ],
	[12, 12, 12, 12, 12, 12, 12, 12, 12, 12, 12, 12, ],
	[12, 12, 12, 12, 12, 1, 1, 12, 12, 12, 12, 12, ],
	[12, 12, 12, 12, 12, 1, 1, 12, 12, 12, 12, 12, ],
	[12, 12, 12, 12, 12, 12, 12, 12, 12, 12, 12, 12, ],
	[12, 12, 12, 12, 12, 12, 12, 12, 12, 12, 12, 12, ],
	[1, 12, 12, 12, 12, 0, 0, 12, 12, 12, 12, 1, ],
]
