connections=[
		],
events={
	{
		exits:[RUSTBORO CITY (0.3),RUSTBORO CITY (0.3),RUSTBORO CITY (11.1),		]},
	{
		NPCs:[
			{is_trainer:0,b1:2,b2:0,sprite:116},
			{is_trainer:0,b1:2,b2:0,sprite:116},
			{is_trainer:0,b1:8,b2:0,sprite:24},
		]},
	{
		signs:[
			{x:3,y:2},
			{x:8,y:2},
		]},
	{
		triggers:[
		]},

},
[
	[1, 1, 1, 1, 1, 1, 1, 1, 1, 1, 1, 1, 1, 1, 12, 1, 1, 1, 1, ],
	[1, 1, 1, 1, 1, 1, 1, 1, 1, 1, 1, 1, 1, 1, 0, 1, 1, 1, 1, ],
	[1, 1, 1, 1, 12, 12, 12, 12, 1, 1, 1, 1, 1, 12, 12, 12, 1, 1, 1, ],
	[1, 1, 1, 0, 12, 12, 12, 12, 0, 1, 1, 1, 1, 12, 12, 12, 1, 1, 1, ],
	[1, 1, 1, 1, 1, 1, 1, 1, 12, 1, 1, 1, 1, 12, 12, 12, 1, 1, 1, ],
	[12, 12, 12, 12, 12, 12, 12, 12, 12, 12, 12, 12, 12, 12, 12, 12, 12, 12, 12, ],
	[12, 12, 12, 12, 12, 12, 12, 12, 12, 12, 12, 12, 12, 12, 12, 12, 12, 12, 12, ],
	[12, 12, 12, 12, 12, 12, 12, 12, 12, 12, 12, 12, 12, 12, 12, 12, 12, 12, 12, ],
	[12, 12, 12, 12, 12, 12, 12, 12, 12, 12, 12, 12, 12, 12, 12, 12, 12, 12, 12, ],
]
