connections=[
		],
events={
	
		'exits':[{'name':'RUSTBORO CITY (0.3)','x':7,'y':8},{'name':'RUSTBORO CITY (0.3)','x':6,'y':8},{'name':'RUSTBORO CITY (11.6)','x':1,'y':6},		],
	
		'NPCs':[
			{'is_trainer':0,'b1':8,'b2':0,'sprite':'58','x':7,'y':2},
			{'is_trainer':0,'b1':9,'b2':0,'sprite':'19','x':11,'y':2},
			{'is_trainer':0,'b1':2,'b2':0,'sprite':'7','x':3,'y':4},
			{'is_trainer':0,'b1':10,'b2':0,'sprite':'14','x':10,'y':6},
		],
	
		'signs':[
		],
	
		'triggers':[
		],

},
partial_map=[
	[1, 1, 1, 1, 1, 1, 1, 1, 1, 1, 1, 1, 1, 1, ],
	[1, 1, 1, 1, 1, 1, 1, 1, 1, 1, 1, 1, 1, 1, ],
	[12, 12, 12, 12, 1, 1, 1, 12, 1, 1, 12, 12, 12, 12, ],
	[12, 12, 12, 12, 1, 1, 1, 1, 1, 1, 12, 12, 12, 12, ],
	[12, 12, 12, 12, 12, 12, 12, 12, 12, 12, 12, 12, 12, 12, ],
	[12, 12, 12, 12, 12, 12, 12, 12, 12, 12, 12, 12, 12, 12, ],
	[13, 16, 0, 12, 12, 12, 12, 12, 12, 12, 12, 1, 1, 12, ],
	[12, 12, 12, 12, 12, 12, 12, 12, 12, 12, 12, 1, 1, 12, ],
	[1, 12, 12, 12, 12, 12, 12, 12, 12, 12, 12, 12, 12, 13, ],
]
