connections=[
		],
events={
	
		'exits':[{'name':'RUSTBORO CITY (11.1)','x':2,'y':1},		],
	
		'NPCs':[
			{'is_trainer':0,'b1':9,'b2':0,'sprite':'48','x':17,'y':5},
			{'is_trainer':0,'b1':10,'b2':0,'sprite':'23','x':3,'y':5},
			{'is_trainer':0,'b1':76,'b2':0,'sprite':'48','x':15,'y':5},
		],
	
		'signs':[
			{'x':1,'y':5},
			{'x':1,'y':7},
		],
	
		'triggers':[
		],

},
partial_map=[
	[1, 1, 1, 1, 1, 1, 1, 1, 1, 1, 1, 1, 1, 1, 1, 1, 1, 1, 1, ],
	[1, 1, 0, 1, 1, 1, 1, 1, 1, 1, 1, 1, 1, 1, 1, 1, 1, 1, 1, ],
	[12, 12, 12, 12, 12, 12, 12, 12, 12, 12, 12, 12, 12, 12, 12, 12, 12, 12, 12, ],
	[12, 12, 12, 12, 12, 0, 12, 12, 12, 12, 12, 12, 12, 12, 12, 12, 12, 0, 12, ],
	[12, 12, 12, 12, 12, 16, 0, 1, 1, 1, 1, 1, 12, 12, 12, 1, 1, 16, 12, ],
	[12, 1, 12, 12, 12, 16, 0, 1, 1, 1, 1, 1, 12, 12, 12, 1, 1, 16, 12, ],
	[12, 12, 12, 12, 0, 16, 0, 1, 1, 1, 1, 1, 12, 12, 12, 1, 1, 16, 0, ],
	[12, 1, 12, 12, 12, 0, 12, 12, 12, 12, 12, 12, 12, 12, 12, 12, 12, 0, 12, ],
	[12, 12, 12, 12, 12, 12, 12, 12, 12, 12, 12, 12, 12, 12, 12, 12, 12, 12, 12, ],
]
