Connections;up:SAFARI ZONE (26.0);right:SAFARI ZONE (26.3);
Exits;SAFARI ZONE (26.11);
28 1 1 1 1 1 1 28 28 28 28 1 1 1 1 1 1 1 1 12 12 12 12 12 1 1 1 1 1 1 1 1 1 1 1 1 1 1 1 1 
28 1 1 1 1 1 1 28 28 28 28 1 1 1 1 1 1 1 1 12 12 12 12 12 1 1 1 1 1 1 1 1 1 1 1 1 1 1 1 1 
1 1 1 1 1 1 1 29 28 29 1 1 1 1 1 1 1 1 1 1 1 1 1 1 1 1 1 1 1 1 1 1 1 1 1 1 1 1 1 1 
1 1 1 1 1 1 1 29 28 29 1 1 1 1 1 1 1 1 1 12 12 12 12 12 12 12 1 1 1 1 1 1 1 1 1 1 1 1 1 1 
1 1 1 1 1 1 1 28 28 28 1 1 12 1 1 1 1 1 1 12 12 12 12 12 12 12 12 13 1 1 1 1 1 1 1 1 1 1 1 1 
12 1 1 1 1 1 1 28 28 28 1 1 12 1 1 1 1 1 1 12 12 12 12 12 12 12 12 12 1 1 1 1 1 1 1 1 1 1 1 1 
12 1 1 1 1 1 1 0 0 0 1 1 1 1 1 1 1 1 12 12 12 12 12 12 12 12 12 12 1 1 1 1 12 12 13 12 12 12 12 12 
12 1 1 1 1 1 1 12 12 12 1 1 1 1 1 1 1 1 12 13 12 12 12 12 12 12 12 12 13 13 13 13 13 12 12 12 12 12 12 12 
1 1 12 1 1 1 1 12 12 12 12 1 1 1 1 1 1 1 1 12 12 12 12 12 12 12 12 12 12 12 12 12 12 12 12 12 12 12 1 1 
1 1 12 1 1 1 1 12 12 12 12 1 1 1 1 1 1 1 1 12 12 12 12 12 12 12 12 12 12 12 12 12 12 12 12 12 12 12 1 1 
1 1 1 1 12 12 12 12 12 12 12 1 1 1 1 1 1 1 1 1 1 1 1 1 1 1 1 12 12 12 12 12 12 12 1 1 1 1 1 1 
1 1 1 1 12 12 12 12 12 12 12 1 1 1 1 1 1 1 1 1 1 1 1 1 1 1 1 12 12 12 12 12 12 12 1 1 1 1 1 1 
1 1 1 1 12 12 12 12 12 12 1 12 12 12 12 12 12 12 12 12 12 12 12 12 12 12 12 1 12 12 12 12 1 1 1 1 1 1 1 1 
1 1 1 1 12 12 12 12 12 1 1 12 12 12 12 12 12 12 12 12 12 12 12 12 12 12 12 1 1 12 12 12 1 1 1 1 1 1 1 1 
1 1 12 12 12 12 12 12 12 1 1 12 12 4 4 4 4 4 4 4 4 4 4 4 12 12 12 1 1 12 12 12 1 1 1 1 1 1 1 1 
1 1 12 12 12 12 12 12 12 1 1 12 12 4 4 4 4 4 4 4 4 4 4 4 12 12 12 1 1 12 12 12 1 1 1 1 1 1 1 1 
1 1 12 12 12 12 12 12 12 1 1 12 12 4 4 4 4 4 1 4 4 4 4 4 12 12 12 1 1 12 12 12 12 12 1 1 1 1 1 1 
1 1 12 12 12 12 12 12 12 1 1 12 12 4 4 4 4 4 4 4 4 4 4 4 12 12 12 1 1 12 12 12 12 13 1 1 1 1 1 1 
1 1 12 12 12 12 12 12 12 1 1 12 12 4 4 4 4 4 4 4 4 4 4 4 12 12 12 1 1 12 12 12 12 12 1 1 1 1 1 1 
1 1 12 12 12 12 12 12 12 1 1 12 12 12 12 4 4 4 4 4 4 4 4 4 12 12 12 1 1 12 12 12 12 12 1 1 1 1 1 1 
1 1 12 12 12 12 12 12 12 1 1 12 12 12 12 12 12 12 12 12 12 12 12 12 12 12 1 1 1 12 12 12 12 12 12 12 12 12 12 12 
1 1 1 1 12 12 12 12 12 1 1 12 12 12 12 12 12 12 12 12 12 12 12 12 12 12 1 21 1 12 12 12 12 12 12 12 12 12 12 12 
1 1 1 1 12 12 12 12 12 1 1 1 1 1 1 1 1 1 1 12 12 1 1 1 1 1 1 1 12 12 12 12 12 12 12 12 12 13 1 1 
1 1 1 1 12 12 12 12 12 1 1 1 1 1 1 1 1 1 1 12 12 1 1 1 1 1 1 1 12 12 12 12 12 12 12 12 12 12 1 1 
1 1 1 1 12 12 12 12 12 12 12 12 13 13 1 12 12 12 12 12 12 12 12 12 12 12 12 12 12 12 12 12 1 1 1 1 1 1 1 1 
1 1 1 1 12 12 12 12 12 12 12 12 12 12 1 12 12 12 12 12 12 12 12 12 12 12 12 12 12 12 12 12 1 1 1 1 1 1 1 1 
1 1 1 1 12 12 12 12 12 12 12 12 12 12 1 12 12 12 12 12 12 12 12 12 12 12 1 1 1 1 1 1 1 1 1 1 1 1 1 1 
1 1 12 12 12 12 12 12 12 12 12 12 12 12 1 12 12 12 12 12 12 12 12 12 12 12 1 1 1 1 1 1 1 1 1 1 1 1 1 1 
1 1 12 12 12 12 12 12 12 12 12 12 12 12 1 1 1 1 1 1 1 1 1 1 1 1 1 1 1 1 1 1 1 1 1 1 1 1 1 1 
1 1 12 12 12 12 12 12 12 12 12 12 12 12 12 12 12 12 12 12 1 1 1 1 1 1 1 1 1 1 1 1 1 1 1 1 1 1 1 1 
12 12 12 12 12 12 12 12 12 12 12 12 12 12 12 12 12 12 12 12 1 1 1 1 1 1 12 12 12 12 12 12 12 12 1 1 1 1 1 1 
4 4 4 4 4 4 4 4 12 12 12 12 12 12 12 12 12 12 12 12 1 1 1 1 1 1 12 12 12 12 12 12 12 12 1 1 1 1 1 1 
4 4 4 4 4 4 4 4 1 1 1 1 12 12 12 12 12 12 12 12 12 12 12 12 12 12 12 12 12 12 12 12 12 12 1 1 1 1 1 1 
4 4 4 4 4 4 4 4 1 1 1 1 12 12 12 12 12 12 12 12 12 12 12 12 12 12 12 12 12 12 12 12 12 12 1 1 1 1 1 1 
4 4 4 4 4 4 4 4 1 1 1 1 1 1 1 1 12 12 12 12 12 12 12 12 12 12 12 12 12 12 12 12 12 12 12 12 1 1 1 1 
4 4 4 4 4 4 4 4 1 1 1 1 1 1 1 1 12 12 12 12 12 12 12 12 12 12 12 12 12 12 12 12 12 12 12 12 1 1 1 1 
4 4 4 4 4 4 4 4 1 1 1 1 1 1 1 1 1 1 1 1 12 12 12 12 12 12 12 12 12 12 12 12 12 12 12 12 12 12 12 12 
12 12 12 12 12 12 12 12 1 1 1 1 1 1 1 1 1 1 1 1 12 12 12 12 12 12 12 12 12 12 12 12 12 12 12 12 12 12 12 12 
1 1 1 1 1 1 1 1 1 1 1 1 1 1 1 1 1 1 1 1 1 1 1 1 1 1 12 12 12 12 12 12 1 1 1 1 1 1 1 1 
1 1 1 1 1 1 1 1 1 1 1 1 1 1 1 1 1 1 1 1 1 1 1 1 1 1 12 12 12 12 12 12 1 1 1 1 1 1 1 1 
