connections=[
			{'right':'SAFARI ZONE (26.1)'},
			{'down':'SAFARI ZONE (26.2)'},
		],
events={
	
		'exits':[		],
	
		'NPCs':[
			{'is_trainer':0,'b1':8,'b2':0,'sprite':'19','x':8,'y':8},
			{'is_trainer':0,'b1':1,'b2':0,'sprite':'59','x':33,'y':7},
		],
	
		'signs':[
		],
	
		'triggers':[
		],

},
partial_map=[
	[1, 1, 1, 1, 1, 1, 1, 1, 12, 1, 1, 1, 1, 1, 12, 12, 12, 12, 12, 12, 1, 1, 1, 1, 1, 1, 1, 1, 1, 1, 1, 1, 1, 1, 1, 1, 1, 1, 12, 12, ],
	[1, 1, 1, 1, 1, 1, 1, 1, 12, 12, 12, 12, 12, 1, 1, 1, 1, 1, 1, 1, 1, 1, 1, 1, 1, 1, 1, 1, 1, 1, 1, 1, 1, 1, 1, 1, 12, 1, 1, 1, ],
	[1, 1, 1, 1, 1, 1, 1, 1, 1, 1, 1, 1, 1, 1, 1, 1, 1, 1, 1, 1, 1, 1, 1, 1, 1, 1, 1, 1, 1, 1, 1, 12, 12, 12, 12, 1, 1, 1, 1, 1, ],
	[1, 1, 1, 1, 1, 1, 1, 1, 1, 1, 1, 1, 1, 1, 1, 1, 1, 1, 1, 1, 1, 1, 1, 1, 1, 1, 1, 1, 1, 12, 1, 1, 1, 1, 1, 1, 1, 1, 12, 12, ],
	[1, 1, 1, 1, 1, 1, 1, 1, 1, 1, 1, 1, 1, 1, 1, 1, 20, 1, 1, 1, 1, 1, 1, 1, 1, 12, 12, 12, 1, 1, 1, 1, 1, 1, 1, 1, 12, 1, 1, 1, ],
	[1, 1, 1, 1, 1, 1, 1, 1, 1, 1, 1, 1, 1, 1, 1, 1, 20, 1, 1, 1, 1, 1, 1, 1, 1, 1, 1, 1, 1, 1, 1, 1, 1, 1, 12, 1, 1, 1, 1, 1, ],
	[1, 1, 20, 20, 20, 20, 20, 20, 1, 1, 1, 1, 1, 1, 20, 1, 1, 1, 1, 1, 1, 1, 1, 1, 4, 4, 4, 4, 4, 4, 4, 4, 13, 1, 1, 1, 12, 12, 12, 12, ],
	[1, 1, 20, 20, 1, 20, 20, 20, 1, 1, 1, 1, 1, 1, 20, 1, 1, 1, 1, 1, 1, 1, 1, 1, 4, 4, 4, 4, 4, 4, 4, 4, 12, 12, 12, 1, 1, 1, 1, 1, ],
	[1, 1, 20, 20, 20, 20, 20, 20, 20, 20, 20, 1, 1, 1, 1, 1, 1, 1, 1, 1, 1, 1, 1, 1, 4, 4, 4, 4, 4, 4, 4, 4, 12, 12, 12, 12, 1, 1, 1, 1, ],
	[1, 1, 20, 20, 20, 20, 20, 20, 20, 20, 20, 1, 1, 1, 1, 1, 1, 1, 1, 1, 1, 1, 1, 1, 4, 4, 4, 4, 4, 4, 4, 4, 4, 4, 4, 4, 1, 1, 1, 1, ],
	[1, 1, 20, 20, 20, 20, 20, 20, 20, 20, 20, 20, 20, 20, 20, 1, 1, 1, 1, 1, 1, 1, 1, 1, 4, 4, 4, 4, 4, 4, 4, 4, 4, 4, 4, 4, 1, 1, 1, 1, ],
	[1, 1, 20, 20, 20, 20, 20, 20, 20, 20, 20, 20, 20, 20, 20, 1, 1, 1, 13, 12, 1, 1, 1, 1, 4, 4, 4, 4, 4, 4, 4, 4, 4, 4, 4, 4, 1, 1, 1, 1, ],
	[1, 1, 20, 20, 20, 20, 20, 20, 20, 20, 20, 20, 20, 20, 20, 20, 20, 1, 12, 12, 1, 1, 1, 1, 4, 4, 4, 4, 4, 4, 4, 4, 4, 4, 4, 4, 1, 1, 1, 1, ],
	[1, 1, 20, 20, 20, 20, 20, 20, 20, 20, 20, 20, 20, 20, 20, 20, 20, 1, 12, 12, 12, 12, 1, 1, 4, 4, 4, 4, 4, 4, 4, 4, 4, 4, 4, 4, 1, 1, 1, 1, ],
	[1, 1, 1, 1, 1, 1, 20, 20, 20, 20, 20, 1, 1, 0, 0, 1, 1, 1, 12, 12, 12, 13, 1, 1, 12, 12, 12, 12, 12, 12, 12, 12, 12, 12, 12, 12, 12, 12, 1, 1, ],
	[1, 1, 1, 1, 1, 1, 20, 20, 20, 20, 20, 1, 12, 12, 12, 12, 12, 12, 12, 12, 12, 12, 12, 12, 12, 12, 12, 12, 12, 12, 12, 12, 12, 1, 12, 12, 12, 12, 1, 1, ],
	[1, 1, 1, 1, 1, 1, 1, 1, 20, 20, 20, 1, 12, 12, 12, 12, 12, 12, 12, 12, 12, 12, 12, 12, 12, 12, 12, 12, 12, 12, 12, 12, 12, 12, 12, 12, 12, 12, 1, 1, ],
	[1, 1, 1, 1, 1, 1, 1, 1, 20, 20, 20, 1, 12, 12, 12, 12, 12, 12, 12, 12, 12, 12, 12, 12, 12, 12, 12, 12, 12, 12, 12, 12, 12, 12, 12, 12, 12, 12, 1, 1, ],
	[1, 1, 1, 1, 1, 1, 1, 1, 20, 20, 20, 1, 12, 12, 12, 12, 12, 12, 12, 12, 12, 12, 12, 12, 1, 1, 12, 12, 12, 12, 12, 12, 12, 12, 12, 12, 12, 12, 1, 1, ],
	[1, 1, 1, 1, 1, 1, 1, 1, 20, 20, 20, 1, 12, 12, 12, 12, 12, 12, 12, 12, 12, 12, 12, 12, 1, 1, 1, 1, 12, 12, 12, 12, 12, 12, 12, 12, 12, 12, 1, 1, ],
	[1, 1, 1, 1, 1, 1, 1, 1, 20, 20, 20, 20, 20, 20, 20, 20, 1, 12, 12, 12, 12, 12, 12, 12, 1, 1, 1, 1, 12, 12, 12, 12, 12, 12, 12, 13, 1, 1, 1, 1, ],
	[1, 1, 1, 1, 1, 1, 1, 1, 20, 20, 20, 20, 20, 20, 20, 20, 1, 12, 12, 12, 12, 12, 12, 12, 1, 1, 1, 1, 12, 12, 1, 12, 12, 12, 12, 12, 1, 1, 1, 1, ],
	[28, 28, 28, 28, 28, 28, 1, 20, 20, 20, 20, 20, 20, 20, 20, 20, 20, 20, 20, 20, 20, 20, 20, 1, 12, 12, 1, 1, 12, 12, 12, 12, 12, 12, 12, 12, 1, 1, 1, 1, ],
	[1, 1, 1, 1, 1, 1, 1, 21, 20, 20, 20, 20, 20, 20, 20, 20, 20, 20, 20, 1, 1, 1, 1, 1, 12, 12, 12, 12, 12, 12, 12, 12, 12, 12, 12, 12, 1, 1, 1, 1, ],
	[1, 1, 1, 1, 1, 1, 1, 20, 20, 20, 20, 20, 20, 20, 20, 20, 20, 20, 20, 1, 1, 1, 1, 1, 12, 12, 12, 12, 12, 1, 12, 12, 12, 12, 12, 12, 1, 1, 1, 1, ],
	[1, 1, 1, 1, 1, 1, 1, 20, 20, 20, 20, 20, 20, 20, 20, 20, 20, 20, 20, 20, 20, 20, 20, 20, 20, 20, 20, 1, 12, 12, 12, 12, 12, 12, 12, 12, 1, 1, 1, 1, ],
	[1, 1, 1, 1, 1, 1, 1, 20, 21, 20, 20, 20, 20, 20, 20, 20, 20, 20, 20, 20, 20, 20, 20, 20, 20, 20, 20, 1, 12, 12, 12, 12, 12, 12, 12, 12, 1, 1, 1, 1, ],
	[28, 29, 28, 28, 28, 28, 28, 28, 28, 28, 28, 28, 28, 28, 28, 28, 1, 20, 20, 20, 20, 20, 20, 20, 21, 1, 1, 1, 12, 12, 12, 12, 12, 12, 12, 12, 1, 1, 1, 1, ],
	[28, 28, 28, 28, 28, 28, 28, 28, 28, 28, 28, 28, 28, 28, 28, 28, 1, 1, 1, 20, 20, 20, 20, 20, 20, 1, 1, 1, 12, 12, 12, 12, 12, 12, 12, 12, 1, 1, 1, 1, ],
	[28, 28, 28, 28, 28, 28, 28, 28, 28, 28, 28, 28, 28, 28, 28, 28, 1, 1, 1, 20, 20, 20, 20, 1, 1, 1, 1, 1, 12, 12, 12, 1, 12, 12, 12, 12, 1, 1, 1, 1, ],
	[29, 28, 28, 28, 28, 28, 28, 28, 28, 28, 28, 28, 28, 28, 28, 28, 1, 1, 1, 20, 20, 20, 20, 1, 1, 1, 1, 1, 12, 12, 12, 12, 12, 12, 12, 12, 1, 1, 1, 1, ],
	[28, 28, 28, 28, 28, 28, 28, 28, 28, 28, 28, 1, 1, 0, 0, 1, 1, 1, 1, 20, 20, 20, 20, 1, 1, 1, 1, 1, 12, 12, 12, 12, 12, 12, 12, 12, 1, 1, 1, 1, ],
	[1, 1, 1, 1, 28, 28, 28, 28, 28, 28, 29, 1, 20, 20, 20, 20, 20, 20, 20, 20, 20, 20, 20, 1, 1, 1, 1, 1, 12, 12, 12, 12, 12, 12, 1, 1, 1, 1, 1, 1, ],
	[1, 1, 1, 1, 28, 28, 28, 28, 28, 28, 28, 1, 20, 20, 20, 20, 20, 20, 20, 20, 20, 20, 20, 1, 1, 1, 1, 1, 12, 12, 12, 12, 12, 12, 1, 1, 1, 1, 1, 1, ],
	[1, 1, 1, 1, 1, 1, 28, 28, 28, 28, 28, 1, 21, 20, 20, 20, 20, 20, 20, 20, 20, 20, 20, 1, 1, 1, 1, 1, 1, 1, 1, 1, 1, 1, 1, 1, 1, 1, 1, 1, ],
	[1, 1, 1, 1, 1, 1, 28, 28, 28, 28, 28, 1, 20, 20, 21, 20, 20, 1, 1, 1, 1, 0, 0, 1, 1, 1, 1, 1, 1, 1, 1, 1, 1, 1, 1, 1, 1, 1, 1, 1, ],
	[28, 1, 1, 1, 1, 1, 1, 28, 28, 28, 28, 1, 1, 1, 1, 1, 1, 1, 12, 12, 12, 12, 12, 12, 1, 1, 1, 1, 1, 1, 1, 1, 1, 1, 1, 1, 1, 1, 1, 1, ],
	[29, 1, 1, 1, 1, 1, 1, 28, 28, 28, 28, 1, 1, 12, 12, 12, 12, 12, 12, 12, 12, 12, 12, 12, 1, 1, 1, 1, 1, 1, 1, 1, 1, 1, 1, 1, 1, 1, 1, 1, ],
	[28, 1, 1, 1, 1, 1, 1, 28, 28, 28, 28, 1, 1, 1, 1, 1, 1, 12, 12, 12, 12, 12, 12, 12, 1, 1, 1, 1, 1, 1, 1, 1, 1, 1, 1, 1, 1, 1, 1, 1, ],
	[29, 1, 1, 1, 1, 1, 1, 28, 28, 28, 28, 1, 1, 1, 1, 1, 1, 12, 12, 12, 12, 12, 12, 12, 1, 1, 1, 1, 1, 1, 1, 1, 1, 1, 1, 1, 1, 1, 1, 1, ],
]
