connections=[
		],
events={
	
		'exits':[{'name':'SAFARI ZONE (26.2)','x':3,'y':8},{'name':'SAFARI ZONE (26.2)','x':4,'y':8},		],
	
		'NPCs':[
			{'is_trainer':0,'b1':10,'b2':0,'sprite':'35','x':7,'y':4},
			{'is_trainer':0,'b1':9,'b2':0,'sprite':'37','x':8,'y':4},
			{'is_trainer':0,'b1':10,'b2':0,'sprite':'17','x':2,'y':5},
		],
	
		'signs':[
		],
	
		'triggers':[
		],

},
partial_map=[
	[1, 1, 1, 1, 1, 1, 1, 1, 1, 1, ],
	[1, 1, 1, 1, 1, 1, 1, 1, 1, 1, ],
	[1, 1, 1, 1, 1, 1, 1, 1, 1, 1, ],
	[1, 1, 1, 1, 1, 1, 1, 1, 1, 1, ],
	[12, 12, 12, 12, 12, 12, 12, 12, 12, 12, ],
	[12, 12, 12, 13, 13, 12, 12, 12, 12, 12, ],
	[12, 12, 12, 13, 13, 12, 12, 12, 12, 12, ],
	[12, 12, 12, 12, 12, 12, 12, 12, 12, 12, ],
	[12, 12, 12, 0, 0, 12, 12, 12, 12, 12, ],
]
