connections=[
		],
events={
	{
		exits:[SEAFLOOR CAVERN (24.35),SEAFLOOR CAVERN (24.34),SEAFLOOR CAVERN (24.33),		]},
	{
		NPCs:[
			{is_trainer:0,b1:1,b2:0,sprite:87},
			{is_trainer:0,b1:1,b2:0,sprite:87},
			{is_trainer:0,b1:1,b2:0,sprite:87},
			{is_trainer:0,b1:1,b2:0,sprite:87},
			{is_trainer:0,b1:1,b2:0,sprite:87},
			{is_trainer:0,b1:1,b2:0,sprite:87},
			{is_trainer:0,b1:1,b2:0,sprite:87},
			{is_trainer:1,b1:9,b2:0,sprite:118},
			{is_trainer:1,b1:10,b2:0,sprite:117},
		]},
	{
		signs:[
		]},
	{
		triggers:[
		]},

},
[
	[13, 13, 13, 13, 1, 1, 1, 1, 1, 1, 1, 1, 1, 13, 13, 13, ],
	[13, 13, 13, 13, 1, 1, 1, 1, 12, 1, 1, 1, 1, 13, 13, 13, ],
	[13, 13, 13, 1, 1, 1, 12, 12, 12, 12, 12, 1, 1, 1, 13, 13, ],
	[13, 13, 13, 1, 13, 1, 12, 12, 12, 12, 12, 1, 1, 1, 1, 1, ],
	[13, 13, 13, 1, 1, 1, 12, 12, 12, 12, 12, 12, 1, 1, 13, 1, ],
	[13, 13, 13, 1, 1, 12, 12, 12, 12, 12, 12, 12, 12, 1, 1, 1, ],
	[13, 13, 13, 1, 1, 12, 12, 12, 1, 1, 1, 12, 12, 12, 1, 1, ],
	[13, 13, 13, 1, 1, 12, 12, 12, 1, 13, 1, 12, 12, 12, 1, 1, ],
	[1, 1, 1, 1, 1, 12, 12, 12, 1, 13, 1, 12, 12, 12, 1, 1, ],
	[1, 1, 1, 1, 1, 12, 12, 12, 1, 13, 1, 12, 12, 12, 1, 1, ],
	[1, 1, 12, 12, 12, 12, 12, 12, 1, 1, 1, 12, 12, 12, 1, 1, ],
	[1, 1, 12, 12, 12, 12, 12, 12, 12, 12, 12, 12, 12, 12, 1, 1, ],
	[1, 1, 12, 12, 12, 12, 12, 12, 12, 12, 12, 12, 12, 12, 1, 1, ],
	[1, 1, 1, 1, 1, 1, 12, 12, 12, 12, 12, 12, 12, 12, 1, 1, ],
	[1, 1, 12, 12, 12, 12, 12, 1, 1, 1, 1, 1, 1, 1, 1, 1, ],
	[1, 1, 12, 12, 12, 12, 12, 1, 1, 1, 1, 1, 1, 1, 1, 1, ],
	[1, 1, 1, 1, 1, 1, 1, 1, 1, 13, 13, 13, 13, 13, 13, 13, ],
]
