connections=[
		],
events={
	{
		exits:[ROUTE 125 (0.40),SHOAL CAVE (24.47),SHOAL CAVE (24.47),SHOAL CAVE (24.47),		]},
	{
		NPCs:[
			{is_trainer:0,b1:1,b2:0,sprite:59},
			{is_trainer:0,b1:9,b2:0,sprite:21},
		]},
	{
		signs:[
		]},
	{
		triggers:[
		]},

},
[
	[1, 1, 1, 1, 1, 1, 1, 1, 1, 1, 1, 1, 1, 1, 1, 1, 1, 1, 1, 1, 1, 1, 1, 1, 1, 1, 1, 1, 1, 1, 1, 1, 1, 1, 1, ],
	[1, 1, 1, 1, 1, 1, 1, 1, 1, 1, 1, 1, 1, 1, 1, 1, 1, 1, 1, 1, 1, 1, 1, 1, 1, 1, 1, 1, 1, 1, 1, 1, 1, 1, 1, ],
	[1, 1, 1, 1, 1, 1, 12, 1, 1, 1, 1, 1, 1, 1, 1, 1, 1, 1, 1, 1, 1, 1, 1, 1, 1, 1, 1, 12, 1, 1, 1, 1, 1, 1, 1, ],
	[1, 1, 1, 12, 12, 12, 12, 12, 12, 12, 12, 12, 12, 12, 12, 1, 1, 1, 1, 1, 1, 1, 1, 1, 12, 12, 1, 12, 12, 12, 12, 12, 1, 1, 1, ],
	[1, 1, 1, 12, 12, 12, 12, 12, 12, 12, 12, 12, 12, 12, 12, 1, 1, 1, 1, 1, 1, 1, 1, 1, 12, 12, 1, 12, 12, 12, 12, 12, 1, 1, 1, ],
	[1, 1, 1, 12, 12, 12, 12, 12, 12, 12, 12, 12, 12, 12, 12, 1, 1, 1, 1, 12, 1, 1, 1, 1, 12, 12, 1, 1, 1, 1, 1, 1, 1, 1, 1, ],
	[1, 1, 1, 12, 12, 12, 12, 1, 1, 1, 1, 1, 12, 1, 1, 1, 1, 1, 12, 12, 12, 1, 1, 1, 12, 12, 12, 12, 12, 12, 12, 12, 1, 1, 1, ],
	[1, 1, 1, 12, 12, 12, 12, 1, 1, 1, 1, 1, 1, 1, 1, 1, 1, 1, 12, 12, 12, 1, 1, 1, 12, 12, 12, 12, 12, 12, 12, 12, 1, 1, 1, ],
	[1, 1, 1, 12, 12, 12, 12, 1, 1, 12, 12, 12, 12, 12, 1, 1, 1, 1, 12, 12, 12, 1, 1, 1, 1, 12, 1, 1, 1, 1, 12, 12, 1, 1, 1, ],
	[1, 1, 1, 12, 12, 12, 12, 1, 1, 12, 12, 12, 12, 12, 1, 12, 12, 12, 12, 12, 12, 1, 1, 1, 1, 1, 1, 1, 1, 1, 12, 12, 1, 1, 1, ],
	[1, 1, 1, 1, 1, 1, 1, 1, 1, 12, 12, 12, 12, 12, 1, 12, 12, 12, 12, 12, 12, 1, 1, 1, 1, 1, 1, 1, 1, 1, 12, 12, 1, 1, 1, ],
	[1, 1, 1, 1, 1, 1, 1, 1, 1, 12, 12, 12, 12, 12, 1, 12, 12, 12, 12, 12, 12, 12, 12, 12, 12, 12, 12, 1, 1, 1, 12, 12, 1, 1, 1, ],
	[1, 1, 1, 1, 1, 12, 12, 12, 12, 12, 12, 1, 12, 1, 1, 12, 12, 12, 12, 12, 12, 12, 12, 12, 12, 12, 12, 1, 1, 1, 12, 12, 1, 1, 1, ],
	[1, 1, 1, 1, 1, 12, 12, 12, 12, 12, 12, 1, 12, 12, 12, 12, 1, 1, 1, 1, 1, 1, 1, 1, 1, 1, 1, 1, 1, 1, 12, 12, 1, 1, 1, ],
	[1, 1, 1, 1, 1, 1, 1, 1, 1, 1, 1, 1, 12, 12, 12, 12, 1, 1, 12, 12, 12, 12, 12, 12, 12, 12, 12, 12, 12, 1, 12, 12, 1, 1, 1, ],
	[1, 1, 1, 16, 16, 16, 16, 16, 16, 1, 1, 1, 12, 12, 12, 12, 1, 1, 12, 12, 12, 12, 12, 12, 12, 12, 12, 12, 12, 1, 12, 12, 1, 1, 1, ],
	[1, 1, 1, 16, 16, 16, 16, 16, 16, 1, 1, 1, 12, 12, 12, 12, 1, 1, 12, 12, 12, 12, 12, 12, 12, 12, 12, 12, 1, 12, 12, 12, 1, 1, 1, ],
	[1, 1, 1, 16, 16, 16, 16, 16, 16, 1, 1, 1, 12, 12, 12, 12, 1, 1, 12, 1, 1, 1, 1, 12, 12, 12, 12, 12, 1, 12, 12, 12, 1, 1, 1, ],
	[1, 1, 1, 16, 16, 16, 1, 1, 16, 1, 1, 1, 12, 12, 12, 12, 1, 1, 12, 1, 1, 1, 1, 12, 12, 12, 12, 12, 1, 1, 1, 1, 1, 1, 1, ],
	[1, 1, 1, 16, 16, 16, 1, 1, 1, 1, 1, 1, 12, 12, 12, 12, 12, 12, 12, 12, 12, 1, 1, 12, 12, 12, 12, 12, 1, 1, 1, 1, 1, 1, 1, ],
	[1, 1, 1, 16, 16, 16, 1, 1, 1, 1, 1, 1, 12, 12, 12, 12, 12, 12, 12, 12, 12, 1, 1, 12, 12, 12, 1, 1, 1, 1, 1, 1, 1, 1, 1, ],
	[1, 1, 1, 16, 16, 16, 1, 1, 1, 12, 12, 12, 12, 12, 12, 12, 12, 12, 12, 12, 12, 1, 1, 12, 12, 12, 1, 1, 1, 1, 1, 1, 1, 1, 1, ],
	[1, 1, 1, 16, 16, 16, 1, 1, 1, 1, 1, 1, 1, 1, 1, 1, 1, 1, 1, 1, 1, 1, 1, 12, 12, 12, 1, 1, 1, 1, 1, 1, 1, 1, 1, ],
	[1, 1, 1, 16, 16, 16, 1, 12, 12, 12, 12, 12, 12, 12, 12, 12, 12, 12, 12, 12, 12, 12, 12, 12, 12, 12, 1, 1, 1, 1, 1, 1, 1, 1, 1, ],
	[1, 1, 1, 16, 16, 16, 1, 12, 12, 12, 12, 12, 12, 12, 12, 12, 12, 12, 12, 12, 12, 12, 12, 12, 12, 12, 1, 1, 1, 1, 1, 1, 1, 1, 1, ],
	[1, 1, 1, 16, 16, 16, 1, 12, 12, 12, 12, 12, 12, 12, 12, 12, 12, 12, 12, 12, 12, 12, 12, 12, 12, 12, 1, 1, 1, 1, 1, 1, 1, 1, 1, ],
	[1, 1, 1, 16, 16, 16, 1, 12, 12, 12, 12, 12, 12, 12, 12, 12, 12, 12, 12, 12, 12, 12, 12, 12, 12, 12, 1, 1, 1, 1, 1, 1, 1, 1, 1, ],
	[1, 1, 1, 16, 16, 16, 16, 16, 16, 16, 16, 16, 16, 1, 12, 12, 12, 12, 12, 12, 12, 12, 12, 12, 12, 12, 1, 1, 1, 1, 1, 1, 1, 1, 1, ],
	[1, 1, 1, 16, 16, 16, 16, 16, 16, 16, 16, 16, 16, 1, 12, 12, 12, 12, 12, 12, 12, 12, 12, 12, 12, 12, 1, 1, 1, 1, 1, 1, 1, 1, 1, ],
	[1, 1, 1, 1, 1, 1, 1, 1, 1, 1, 1, 1, 1, 1, 12, 12, 12, 12, 12, 12, 12, 12, 12, 12, 12, 12, 1, 1, 1, 1, 1, 1, 1, 1, 1, ],
	[1, 1, 1, 1, 1, 1, 1, 1, 1, 1, 1, 1, 1, 1, 12, 12, 12, 12, 12, 12, 12, 12, 12, 12, 12, 12, 1, 1, 1, 1, 1, 1, 1, 1, 1, ],
	[1, 1, 1, 1, 1, 1, 1, 1, 1, 1, 1, 1, 1, 1, 1, 1, 1, 1, 1, 1, 1, 1, 1, 1, 1, 1, 1, 1, 1, 1, 1, 1, 1, 1, 1, ],
	[1, 1, 1, 1, 1, 1, 1, 1, 1, 1, 1, 1, 1, 1, 1, 1, 1, 1, 1, 1, 1, 1, 1, 1, 1, 1, 1, 1, 1, 1, 1, 1, 1, 1, 1, ],
	[1, 1, 1, 1, 1, 1, 1, 1, 1, 1, 1, 1, 1, 1, 1, 1, 1, 1, 1, 1, 1, 1, 1, 1, 1, 1, 1, 1, 1, 1, 1, 1, 1, 1, 1, ],
	[1, 1, 1, 1, 1, 1, 1, 1, 1, 1, 1, 1, 1, 1, 1, 1, 1, 1, 1, 1, 1, 1, 1, 1, 1, 1, 1, 1, 1, 1, 1, 1, 1, 1, 1, ],
]
