connections=[
		],
events={
	
		'exits':[{'name':'SKY PILLAR (24.78)','x':6,'y':13},{'name':'SKY PILLAR (24.78)','x':7,'y':13},{'name':'SKY PILLAR (24.80)','x':10,'y':1},		],
	
		'NPCs':[
		],
	
		'signs':[
		],
	
		'triggers':[
		],

},
partial_map=[
	[1, 1, 1, 1, 1, 1, 1, 1, 1, 1, 1, 1, 1, 1, ],
	[1, 1, 1, 1, 1, 1, 1, 1, 1, 1, 12, 1, 1, 1, ],
	[12, 12, 12, 12, 12, 12, 12, 1, 12, 12, 12, 12, 1, 12, ],
	[12, 12, 12, 1, 12, 12, 12, 12, 1, 1, 12, 12, 12, 12, ],
	[12, 12, 12, 12, 1, 12, 12, 12, 12, 12, 12, 12, 12, 12, ],
	[12, 12, 12, 12, 1, 1, 1, 1, 1, 1, 12, 12, 12, 12, ],
	[12, 12, 1, 12, 1, 1, 1, 1, 1, 1, 12, 12, 12, 12, ],
	[1, 1, 12, 12, 1, 1, 1, 1, 1, 1, 1, 12, 12, 1, ],
	[1, 12, 12, 12, 1, 1, 1, 1, 1, 1, 12, 1, 1, 12, ],
	[12, 12, 12, 12, 1, 1, 1, 1, 1, 1, 12, 12, 12, 1, ],
	[12, 12, 12, 1, 1, 1, 1, 1, 1, 1, 12, 12, 12, 1, ],
	[12, 12, 1, 12, 12, 12, 12, 12, 12, 1, 12, 12, 12, 12, ],
	[12, 12, 12, 12, 12, 12, 12, 12, 12, 12, 12, 12, 12, 12, ],
	[1, 12, 12, 12, 12, 12, 12, 12, 12, 12, 12, 12, 12, 1, ],
]
