Connections;
Exits;SKY PILLAR (24.80);SKY PILLAR (24.82);SKY PILLAR (24.82);
1 1 1 1 1 1 1 1 1 1 1 1 1 1 
1 1 1 12 1 1 1 12 1 1 1 12 1 1 
12 12 12 12 1 12 12 12 12 12 1 12 12 12 
12 12 12 12 12 1 12 12 12 1 12 12 12 12 
12 1 12 12 12 1 12 12 1 12 12 12 12 12 
1 12 12 12 1 1 1 1 1 1 12 12 12 12 
12 12 12 1 1 1 1 1 1 1 1 12 12 12 
12 12 1 12 1 1 1 1 1 1 12 12 12 12 
12 12 1 12 1 1 1 1 1 1 12 12 12 1 
12 12 12 12 1 1 1 1 1 1 1 12 12 12 
12 12 12 12 1 1 1 1 1 1 12 1 12 12 
1 12 12 12 12 1 12 12 12 1 12 12 12 12 
12 1 12 12 12 12 12 12 12 12 12 12 12 12 
12 12 12 12 12 12 12 1 12 12 12 12 1 12 
