connections=[
		],
events={
	{
		exits:[SLATEPORT CITY (0.1),SLATEPORT CITY (0.1),		]},
	{
		NPCs:[
			{is_trainer:0,b1:10,b2:0,sprite:25},
			{is_trainer:0,b1:9,b2:0,sprite:14},
		]},
	{
		signs:[
		]},
	{
		triggers:[
		]},

},
[
	[1, 1, 1, 1, 1, 1, 1, 1, 1, 1, 1, ],
	[1, 1, 1, 1, 1, 1, 1, 1, 1, 1, 1, ],
	[12, 12, 12, 12, 12, 12, 12, 12, 12, 12, 12, ],
	[12, 12, 12, 12, 12, 12, 12, 12, 12, 12, 12, ],
	[12, 12, 12, 12, 12, 1, 1, 12, 12, 12, 12, ],
	[12, 12, 12, 12, 12, 1, 1, 12, 12, 12, 12, ],
	[12, 12, 12, 12, 12, 12, 12, 12, 12, 12, 12, ],
	[1, 12, 12, 0, 0, 12, 12, 12, 12, 12, 1, ],
]
