connections=[
		],
events={
	
		'exits':[{'name':'SLATEPORT CITY (0.1)','x':7,'y':8},{'name':'SLATEPORT CITY (0.1)','x':6,'y':8},{'name':'SLATEPORT CITY (9.12)','x':1,'y':6},		],
	
		'NPCs':[
			{'is_trainer':0,'b1':8,'b2':0,'sprite':'58','x':7,'y':2},
			{'is_trainer':0,'b1':8,'b2':0,'sprite':'49','x':2,'y':3},
			{'is_trainer':0,'b1':10,'b2':0,'sprite':'34','x':10,'y':7},
		],
	
		'signs':[
		],
	
		'triggers':[
		],

},
partial_map=[
	[1, 1, 1, 1, 1, 1, 1, 1, 1, 1, 1, 1, 1, 1, ],
	[1, 1, 1, 1, 1, 1, 1, 1, 1, 1, 1, 1, 1, 1, ],
	[12, 12, 12, 12, 1, 1, 1, 12, 1, 1, 12, 12, 12, 12, ],
	[12, 12, 12, 12, 1, 1, 1, 1, 1, 1, 12, 12, 12, 12, ],
	[12, 12, 12, 12, 12, 12, 12, 12, 12, 12, 12, 12, 12, 12, ],
	[12, 12, 12, 12, 12, 12, 12, 12, 12, 12, 12, 12, 12, 12, ],
	[13, 16, 0, 12, 12, 12, 12, 12, 12, 12, 12, 1, 1, 12, ],
	[12, 12, 12, 12, 12, 12, 12, 12, 12, 12, 12, 1, 1, 12, ],
	[1, 12, 12, 12, 12, 12, 12, 12, 12, 12, 12, 12, 12, 13, ],
]
