connections=[
		],
events={
	
		'exits':[{'name':'SLATEPORT CITY (0.1)','x':6,'y':9},{'name':'SLATEPORT CITY (0.1)','x':7,'y':9},		],
	
		'NPCs':[
			{'is_trainer':0,'b1':8,'b2':0,'sprite':'46','x':6,'y':5},
			{'is_trainer':0,'b1':2,'b2':0,'sprite':'49','x':1,'y':5},
			{'is_trainer':0,'b1':7,'b2':0,'sprite':'33','x':3,'y':7},
			{'is_trainer':0,'b1':1,'b2':0,'sprite':'8','x':1,'y':8},
			{'is_trainer':0,'b1':9,'b2':0,'sprite':'20','x':11,'y':8},
		],
	
		'signs':[
			{'x':4,'y':5},
		],
	
		'triggers':[
		],

},
partial_map=[
	[1, 1, 13, 13, 13, 13, 13, 13, 13, 13, 13, 1, 1, ],
	[1, 1, 1, 1, 1, 1, 0, 1, 1, 1, 1, 1, 1, ],
	[1, 12, 1, 1, 12, 12, 12, 12, 12, 1, 1, 1, 1, ],
	[1, 12, 1, 0, 12, 12, 12, 12, 12, 0, 1, 13, 1, ],
	[1, 12, 1, 1, 1, 1, 12, 1, 1, 1, 1, 13, 1, ],
	[12, 12, 1, 1, 1, 1, 12, 1, 1, 1, 1, 12, 12, ],
	[12, 12, 12, 12, 12, 12, 12, 12, 12, 12, 12, 12, 12, ],
	[12, 12, 12, 12, 12, 12, 12, 12, 12, 12, 12, 12, 12, ],
	[1, 12, 12, 12, 12, 12, 12, 12, 12, 12, 12, 12, 1, ],
	[1, 1, 12, 12, 12, 12, 0, 0, 12, 12, 12, 1, 1, ],
]
