connections=[
		],
events={
	
		'exits':[{'name':'SLATEPORT CITY (0.1)','x':3,'y':7},{'name':'SLATEPORT CITY (0.1)','x':4,'y':7},		],
	
		'NPCs':[
			{'is_trainer':0,'b1':10,'b2':0,'sprite':'83','x':1,'y':3},
			{'is_trainer':0,'b1':7,'b2':0,'sprite':'44','x':4,'y':2},
			{'is_trainer':0,'b1':1,'b2':0,'sprite':'33','x':5,'y':5},
		],
	
		'signs':[
		],
	
		'triggers':[
		],

},
partial_map=[
	[1, 1, 1, 1, 1, 1, 1, 1, 1, 1, 1, ],
	[1, 1, 1, 1, 1, 1, 1, 1, 1, 1, 1, ],
	[12, 12, 1, 12, 12, 12, 12, 12, 12, 12, 12, ],
	[0, 12, 1, 12, 12, 12, 12, 12, 12, 12, 1, ],
	[1, 1, 1, 12, 12, 12, 1, 1, 12, 12, 1, ],
	[12, 12, 12, 12, 12, 12, 1, 1, 12, 12, 1, ],
	[12, 12, 12, 12, 12, 12, 1, 1, 12, 12, 1, ],
	[12, 12, 12, 0, 0, 12, 12, 12, 12, 12, 12, ],
]
