connections=[
		],
events={
	
		'exits':[{'name':'SLATEPORT CITY (0.1)','x':3,'y':7},{'name':'SLATEPORT CITY (0.1)','x':4,'y':7},		],
	
		'NPCs':[
			{'is_trainer':0,'b1':8,'b2':0,'sprite':'21','x':7,'y':5},
		],
	
		'signs':[
		],
	
		'triggers':[
		],

},
partial_map=[
	[1, 1, 1, 1, 1, 1, 1, 1, 1, 1, ],
	[1, 1, 1, 1, 1, 1, 1, 1, 1, 1, ],
	[12, 12, 12, 12, 12, 12, 12, 12, 12, 12, ],
	[13, 13, 12, 12, 12, 12, 12, 12, 12, 12, ],
	[13, 13, 12, 12, 12, 12, 12, 12, 1, 1, ],
	[12, 12, 12, 12, 12, 12, 12, 12, 1, 1, ],
	[12, 12, 12, 12, 12, 12, 12, 12, 12, 12, ],
	[12, 12, 12, 0, 0, 12, 12, 12, 12, 12, ],
]
