connections=[
		],
events={
	
		'exits':[{'name':'SLATEPORT CITY (0.1)','x':2,'y':14},{'name':'SLATEPORT CITY (0.1)','x':3,'y':14},{'name':'SLATEPORT CITY (9.1)','x':3,'y':1},		],
	
		'NPCs':[
			{'is_trainer':0,'b1':8,'b2':0,'sprite':'19','x':5,'y':5},
			{'is_trainer':0,'b1':7,'b2':0,'sprite':'46','x':10,'y':7},
			{'is_trainer':0,'b1':5,'b2':0,'sprite':'46','x':18,'y':8},
			{'is_trainer':0,'b1':2,'b2':0,'sprite':'21','x':12,'y':11},
		],
	
		'signs':[
		],
	
		'triggers':[
		],

},
partial_map=[
	[1, 1, 1, 1, 1, 1, 1, 1, 1, 1, 1, 1, 1, 1, 1, 1, 1, 1, 1, 1, 1, ],
	[1, 1, 1, 0, 1, 1, 1, 1, 1, 1, 1, 1, 1, 1, 1, 1, 1, 1, 1, 1, 1, ],
	[1, 1, 12, 12, 12, 12, 1, 12, 12, 12, 12, 12, 12, 12, 12, 12, 12, 12, 12, 12, 12, ],
	[12, 12, 12, 12, 12, 12, 1, 12, 12, 12, 12, 12, 12, 12, 12, 12, 12, 12, 12, 12, 12, ],
	[12, 12, 12, 12, 12, 12, 1, 1, 1, 1, 1, 1, 1, 1, 1, 1, 12, 12, 12, 1, 1, ],
	[1, 1, 12, 12, 12, 12, 1, 1, 1, 1, 1, 1, 1, 1, 1, 1, 12, 12, 12, 1, 1, ],
	[12, 12, 12, 12, 1, 1, 1, 1, 12, 1, 1, 1, 1, 1, 1, 12, 12, 12, 12, 1, 1, ],
	[12, 12, 12, 12, 1, 1, 1, 12, 12, 12, 12, 1, 1, 1, 1, 12, 12, 12, 12, 12, 12, ],
	[1, 1, 12, 12, 12, 12, 1, 12, 12, 12, 12, 12, 1, 1, 12, 12, 12, 12, 12, 12, 12, ],
	[12, 12, 12, 12, 12, 12, 12, 12, 12, 12, 12, 12, 1, 1, 12, 12, 12, 12, 12, 12, 12, ],
	[12, 12, 12, 12, 12, 12, 12, 12, 12, 12, 12, 12, 12, 12, 12, 12, 12, 12, 12, 12, 12, ],
	[1, 1, 12, 12, 12, 12, 1, 12, 12, 12, 12, 12, 12, 12, 12, 12, 12, 12, 1, 1, 1, ],
	[12, 12, 12, 12, 12, 12, 1, 1, 12, 12, 1, 12, 12, 12, 1, 12, 12, 12, 1, 1, 1, ],
	[12, 12, 12, 12, 12, 12, 1, 1, 1, 1, 12, 12, 12, 12, 12, 12, 12, 12, 1, 1, 1, ],
	[12, 12, 12, 12, 12, 12, 1, 1, 1, 1, 12, 12, 12, 12, 12, 12, 12, 12, 12, 12, 12, ],
]
