connections=[
		],
events={
	{
		exits:[SLATEPORT CITY (0.1),SLATEPORT CITY (0.1),SLATEPORT CITY (0.1),SLATEPORT CITY (0.1),		]},
	{
		NPCs:[
			{is_trainer:0,b1:8,b2:0,sprite:45},
			{is_trainer:0,b1:9,b2:0,sprite:49},
			{is_trainer:0,b1:10,b2:0,sprite:17},
			{is_trainer:0,b1:1,b2:0,sprite:46},
			{is_trainer:0,b1:10,b2:0,sprite:140},
			{is_trainer:0,b1:10,b2:0,sprite:117},
			{is_trainer:0,b1:9,b2:0,sprite:195},
			{is_trainer:0,b1:10,b2:0,sprite:141},
		]},
	{
		signs:[
		]},
	{
		triggers:[
			{x:8,y:11,flag:16544,scriptPointer:2148795},
			{x:8,y:12,flag:16544,scriptPointer:2148807},
			{x:8,y:13,flag:16544,scriptPointer:2148819},
			{x:8,y:14,flag:16544,scriptPointer:2148831},
		]},

},
[
	[0, 0, 0, 0, 0, 0, 0, 0, 0, 0, 0, 0, 0, 0, 0, 0, 0, 0, 0, 0, 0, 0, 0, 0, ],
	[0, 0, 0, 0, 0, 0, 0, 0, 0, 0, 0, 0, 0, 0, 0, 0, 0, 0, 0, 0, 0, 0, 0, 0, ],
	[0, 0, 0, 0, 0, 0, 0, 0, 0, 0, 0, 0, 0, 0, 0, 0, 0, 0, 0, 0, 0, 0, 0, 0, ],
	[1, 1, 1, 1, 1, 1, 1, 1, 1, 1, 1, 1, 1, 1, 1, 1, 1, 1, 1, 1, 1, 1, 1, 1, ],
	[12, 12, 12, 1, 1, 1, 1, 1, 1, 1, 1, 1, 1, 1, 1, 1, 1, 1, 1, 1, 1, 1, 1, 1, ],
	[12, 12, 12, 1, 5, 5, 5, 5, 5, 5, 5, 5, 5, 5, 5, 5, 5, 5, 5, 5, 5, 5, 5, 5, ],
	[12, 12, 12, 1, 5, 5, 5, 5, 5, 5, 5, 5, 5, 5, 5, 5, 5, 5, 5, 5, 5, 5, 5, 5, ],
	[12, 12, 12, 1, 5, 5, 5, 5, 5, 5, 5, 5, 5, 5, 5, 5, 5, 5, 5, 5, 5, 5, 5, 5, ],
	[12, 12, 12, 1, 5, 5, 5, 5, 5, 5, 5, 5, 5, 5, 5, 5, 5, 5, 5, 5, 5, 5, 5, 5, ],
	[12, 12, 12, 1, 5, 5, 5, 5, 5, 5, 5, 5, 5, 5, 5, 5, 5, 5, 5, 5, 5, 5, 5, 5, ],
	[12, 12, 12, 1, 1, 1, 1, 12, 12, 1, 1, 1, 1, 1, 1, 1, 1, 1, 13, 13, 1, 1, 1, 1, ],
	[12, 12, 12, 12, 12, 12, 12, 12, 12, 12, 12, 12, 12, 12, 12, 12, 12, 1, 13, 13, 13, 13, 13, 13, ],
	[12, 12, 12, 12, 12, 12, 12, 12, 12, 12, 12, 12, 12, 12, 12, 12, 12, 1, 13, 13, 13, 13, 13, 13, ],
	[12, 12, 12, 12, 12, 12, 12, 12, 12, 12, 12, 12, 12, 12, 12, 12, 12, 1, 13, 13, 13, 13, 13, 13, ],
	[12, 12, 12, 12, 12, 12, 12, 12, 12, 12, 12, 0, 0, 12, 12, 12, 12, 1, 13, 13, 13, 13, 13, 13, ],
]
