connections=[
		],
events={
	
		'exits':[{'name':'SOOTOPOLIS CITY (0.7)','x':3,'y':7},{'name':'SOOTOPOLIS CITY (0.7)','x':4,'y':7},{'name':'SOOTOPOLIS CITY (15.14)','x':3,'y':1},		],
	
		'NPCs':[
			{'is_trainer':0,'b1':10,'b2':0,'sprite':'29','x':6,'y':4},
		],
	
		'signs':[
		],
	
		'triggers':[
		],

},
partial_map=[
	[1, 1, 1, 1, 1, 1, 1, 1, 1, 1, 1, ],
	[1, 1, 1, 0, 1, 1, 1, 1, 1, 1, 1, ],
	[0, 0, 1, 1, 1, 0, 0, 0, 0, 0, 0, ],
	[0, 0, 0, 0, 0, 0, 0, 0, 0, 0, 0, ],
	[0, 0, 0, 0, 0, 0, 0, 1, 1, 0, 0, ],
	[0, 0, 0, 0, 0, 0, 0, 1, 1, 0, 0, ],
	[0, 0, 0, 0, 0, 0, 0, 0, 0, 0, 0, ],
	[0, 0, 0, 0, 0, 0, 0, 0, 0, 0, 0, ],
]
