connections=[
		],
events={
	
		'exits':[{'name':'VERDANTURF TOWN (0.14)','x':7,'y':8},{'name':'VERDANTURF TOWN (0.14)','x':6,'y':8},{'name':'VERDANTURF TOWN (6.5)','x':1,'y':6},		],
	
		'NPCs':[
			{'is_trainer':0,'b1':8,'b2':0,'sprite':'58','x':7,'y':2},
			{'is_trainer':0,'b1':5,'b2':0,'sprite':'48','x':4,'y':5},
			{'is_trainer':0,'b1':7,'b2':0,'sprite':'21','x':12,'y':2},
			{'is_trainer':0,'b1':9,'b2':0,'sprite':'11','x':10,'y':6},
		],
	
		'signs':[
		],
	
		'triggers':[
		],

},
partial_map=[
	[1, 1, 1, 1, 1, 1, 1, 1, 1, 1, 1, 1, 1, 1, ],
	[1, 1, 1, 1, 1, 1, 1, 1, 1, 1, 1, 1, 1, 1, ],
	[12, 12, 12, 12, 1, 1, 1, 12, 1, 1, 12, 12, 12, 12, ],
	[12, 12, 12, 12, 1, 1, 1, 1, 1, 1, 12, 12, 12, 12, ],
	[12, 12, 12, 12, 12, 12, 12, 12, 12, 12, 12, 12, 12, 12, ],
	[12, 12, 12, 12, 12, 12, 12, 12, 12, 12, 12, 12, 12, 12, ],
	[13, 16, 0, 12, 12, 12, 12, 12, 12, 12, 12, 1, 1, 12, ],
	[12, 12, 12, 12, 12, 12, 12, 12, 12, 12, 12, 1, 1, 12, ],
	[1, 12, 12, 12, 12, 12, 12, 12, 12, 12, 12, 12, 12, 13, ],
]
