connections=[
		],
events={
	
		'exits':[		],
	
		'NPCs':[
			{'is_trainer':0,'b1':7,'b2':0,'sprite':'241','x':2,'y':8},
			{'is_trainer':0,'b1':8,'b2':0,'sprite':'240','x':11,'y':1},
			{'is_trainer':0,'b1':10,'b2':0,'sprite':'21','x':2,'y':4},
		],
	
		'signs':[
		],
	
		'triggers':[
		],

},
partial_map=[
	[0, 0, 0, 0, 0, 0, 0, 0, 0, 0, 0, 0, 0, ],
	[0, 0, 0, 0, 0, 0, 0, 0, 0, 0, 0, 0, 0, ],
	[0, 0, 0, 0, 0, 0, 0, 0, 0, 0, 0, 0, 0, ],
	[0, 0, 0, 0, 0, 0, 0, 0, 0, 0, 0, 0, 0, ],
	[0, 0, 0, 0, 0, 0, 0, 0, 0, 0, 0, 0, 0, ],
	[0, 0, 0, 0, 0, 0, 0, 0, 0, 0, 0, 0, 0, ],
	[0, 0, 0, 0, 0, 0, 0, 0, 0, 0, 0, 0, 0, ],
	[0, 0, 0, 0, 0, 0, 0, 0, 0, 0, 0, 0, 0, ],
	[0, 0, 0, 0, 0, 0, 0, 0, 0, 0, 0, 0, 0, ],
]
