connections=[
		],
events={
	
		'exits':[{'name':'VERDANTURF TOWN (0.14)','x':6,'y':9},{'name':'VERDANTURF TOWN (0.14)','x':7,'y':9},		],
	
		'NPCs':[
			{'is_trainer':0,'b1':8,'b2':0,'sprite':'21','x':6,'y':5},
			{'is_trainer':0,'b1':2,'b2':0,'sprite':'8','x':0,'y':5},
			{'is_trainer':0,'b1':2,'b2':0,'sprite':'13','x':9,'y':7},
			{'is_trainer':0,'b1':10,'b2':0,'sprite':'9','x':1,'y':8},
			{'is_trainer':0,'b1':9,'b2':0,'sprite':'219','x':12,'y':6},
			{'is_trainer':0,'b1':9,'b2':0,'sprite':'11','x':2,'y':8},
		],
	
		'signs':[
			{'x':4,'y':5},
		],
	
		'triggers':[
		],

},
partial_map=[
	[1, 1, 13, 13, 13, 13, 13, 13, 13, 13, 13, 1, 1, ],
	[1, 1, 1, 1, 1, 1, 0, 1, 1, 1, 1, 1, 1, ],
	[1, 12, 1, 1, 12, 12, 12, 12, 12, 1, 1, 1, 1, ],
	[1, 12, 1, 0, 12, 12, 12, 12, 12, 0, 1, 13, 1, ],
	[1, 12, 1, 1, 1, 1, 12, 1, 1, 1, 1, 13, 1, ],
	[12, 12, 1, 1, 1, 1, 12, 1, 1, 1, 1, 12, 12, ],
	[12, 12, 12, 12, 12, 12, 12, 12, 12, 12, 12, 12, 12, ],
	[12, 12, 12, 12, 12, 12, 12, 12, 12, 12, 12, 12, 12, ],
	[1, 12, 12, 12, 12, 12, 12, 12, 12, 12, 12, 12, 1, ],
	[1, 1, 12, 12, 12, 12, 0, 0, 12, 12, 12, 1, 1, ],
]
