connections=[
		],
events={
	
		'exits':[{'name':'VERDANTURF TOWN (0.14)','x':3,'y':7},{'name':'VERDANTURF TOWN (0.14)','x':4,'y':7},		],
	
		'NPCs':[
			{'is_trainer':0,'b1':8,'b2':0,'sprite':'20','x':3,'y':4},
			{'is_trainer':0,'b1':8,'b2':0,'sprite':'209','x':4,'y':4},
		],
	
		'signs':[
		],
	
		'triggers':[
		],

},
partial_map=[
	[1, 1, 1, 1, 1, 1, 1, 1, 1, 1, 1, ],
	[1, 1, 1, 1, 1, 1, 1, 1, 1, 1, 1, ],
	[12, 12, 12, 12, 12, 12, 12, 12, 12, 12, 12, ],
	[12, 12, 12, 12, 12, 12, 12, 12, 12, 12, 12, ],
	[12, 12, 12, 12, 12, 1, 1, 12, 12, 12, 12, ],
	[12, 12, 12, 12, 12, 1, 1, 12, 12, 12, 12, ],
	[12, 12, 12, 12, 12, 12, 12, 12, 12, 12, 12, ],
	[1, 12, 12, 0, 0, 12, 12, 12, 12, 12, 1, ],
]
