connections=[
		],
events={
	{
		exits:[VERDANTURF TOWN (0.14),VERDANTURF TOWN (0.14),		]},
	{
		NPCs:[
			{is_trainer:0,b1:10,b2:0,sprite:83},
			{is_trainer:0,b1:10,b2:0,sprite:9},
			{is_trainer:0,b1:9,b2:0,sprite:22},
			{is_trainer:0,b1:9,b2:0,sprite:47},
		]},
	{
		signs:[
		]},
	{
		triggers:[
		]},

},
[
	[1, 1, 1, 1, 1, 1, 1, 1, 1, 1, 1, ],
	[1, 1, 1, 1, 1, 1, 1, 1, 1, 1, 1, ],
	[12, 12, 1, 12, 12, 12, 12, 12, 12, 12, 12, ],
	[0, 12, 1, 12, 12, 12, 12, 12, 12, 12, 1, ],
	[1, 1, 1, 12, 12, 12, 1, 1, 12, 12, 1, ],
	[12, 12, 12, 12, 12, 12, 1, 1, 12, 12, 1, ],
	[12, 12, 12, 12, 12, 12, 1, 1, 12, 12, 1, ],
	[12, 12, 12, 0, 0, 12, 12, 12, 12, 12, 12, ],
]
